start,end,position,line,text
00:00:01.018,00:00:01.285,-1,0,"<1></c><3>か</c><2>なえたいみらいへ</c><1></c>"
00:00:01.018,00:00:01.285,-1,0,"<1></c><3>か</c><2>なえたいみらいへ</c><1></c>"
00:00:01.018,00:00:01.285,-1,-1,"<1></c><3>叶</c><2>えたい未来へ</c><1></c>"
00:00:01.018,00:00:01.285,-1,-1,"<1></c><3>叶</c><2>えたい未来へ</c><1></c>"
00:00:01.285,00:00:01.352,-1,0,"<1></c><3>かな</c><2>えたいみらいへ</c><1></c>"
00:00:01.285,00:00:01.352,-1,0,"<1></c><3>かな</c><2>えたいみらいへ</c><1></c>"
00:00:01.285,00:00:01.352,-1,-1,"<1></c><3>叶</c><2>えたい未来へ</c><1></c>"
00:00:01.285,00:00:01.352,-1,-1,"<1></c><3>叶</c><2>えたい未来へ</c><1></c>"
00:00:01.352,00:00:01.452,-1,0,"<1></c><3>かなえ</c><2>たいみらいへ</c><1></c>"
00:00:01.352,00:00:01.452,-1,0,"<1></c><3>かなえ</c><2>たいみらいへ</c><1></c>"
00:00:01.352,00:00:01.452,-1,-1,"<1></c><3>叶え</c><2>たい未来へ</c><1></c>"
00:00:01.352,00:00:01.452,-1,-1,"<1></c><3>叶え</c><2>たい未来へ</c><1></c>"
00:00:01.452,00:00:01.585,-1,0,"<1></c><3>かなえた</c><2>いみらいへ</c><1></c>"
00:00:01.452,00:00:01.585,-1,0,"<1></c><3>かなえた</c><2>いみらいへ</c><1></c>"
00:00:01.452,00:00:01.585,-1,-1,"<1></c><3>叶えた</c><2>い未来へ</c><1></c>"
00:00:01.452,00:00:01.585,-1,-1,"<1></c><3>叶えた</c><2>い未来へ</c><1></c>"
00:00:01.585,00:00:01.685,-1,0,"<1></c><3>かなえたい</c><2>みらいへ</c><1></c>"
00:00:01.585,00:00:01.685,-1,0,"<1></c><3>かなえたい</c><2>みらいへ</c><1></c>"
00:00:01.585,00:00:01.685,-1,-1,"<1></c><3>叶えたい</c><2>未来へ</c><1></c>"
00:00:01.585,00:00:01.685,-1,-1,"<1></c><3>叶えたい</c><2>未来へ</c><1></c>"
00:00:01.685,00:00:01.785,-1,0,"<1></c><3>かなえたいみ</c><2>らいへ</c><1></c>"
00:00:01.685,00:00:01.785,-1,0,"<1></c><3>かなえたいみ</c><2>らいへ</c><1></c>"
00:00:01.685,00:00:01.785,-1,-1,"<1></c><3>叶えたい未</c><2>来へ</c><1></c>"
00:00:01.685,00:00:01.785,-1,-1,"<1></c><3>叶えたい未</c><2>来へ</c><1></c>"
00:00:01.785,00:00:02.119,-1,0,"<1></c><3>かなえたいみら</c><2>いへ</c><1></c>"
00:00:01.785,00:00:02.119,-1,0,"<1></c><3>かなえたいみら</c><2>いへ</c><1></c>"
00:00:01.785,00:00:02.119,-1,-1,"<1></c><3>叶えたい未来</c><2>へ</c><1></c>"
00:00:01.785,00:00:02.119,-1,-1,"<1></c><3>叶えたい未来</c><2>へ</c><1></c>"
00:00:02.119,00:00:02.319,-1,0,"<1></c><3>かなえたいみらい</c><2>へ</c><1></c>"
00:00:02.119,00:00:02.319,-1,0,"<1></c><3>かなえたいみらい</c><2>へ</c><1></c>"
00:00:02.119,00:00:02.319,-1,-1,"<1></c><3>叶えたい未来</c><2>へ</c><1></c>"
00:00:02.119,00:00:02.319,-1,-1,"<1></c><3>叶えたい未来</c><2>へ</c><1></c>"
00:00:02.319,00:00:02.753,-1,0,"<1></c><3>かなえたいみらいへ</c><1></c>"
00:00:02.319,00:00:02.753,-1,0,"<1></c><3>かなえたいみらいへ</c><1></c>"
00:00:02.319,00:00:02.753,-1,-1,"<1></c><3>叶えたい未来へ</c><1></c>"
00:00:02.319,00:00:02.753,-1,-1,"<1></c><3>叶えたい未来へ</c><1></c>"
00:00:02.753,00:00:02.953,-1,0,"<1></c><3>こ</c><2>ころのじゅんびOK？</c><1></c>"
00:00:02.753,00:00:02.953,-1,0,"<1></c><3>こ</c><2>ころのじゅんびOK？</c><1></c>"
00:00:02.753,00:00:02.953,-1,-1,"<1></c><3>心</c><2>の準備OK？</c><1></c>"
00:00:02.753,00:00:02.953,-1,-1,"<1></c><3>心</c><2>の準備OK？</c><1></c>"
00:00:02.953,00:00:03.053,-1,0,"<1></c><3>ここ</c><2>ろのじゅんびOK？</c><1></c>"
00:00:02.953,00:00:03.053,-1,0,"<1></c><3>ここ</c><2>ろのじゅんびOK？</c><1></c>"
00:00:02.953,00:00:03.053,-1,-1,"<1></c><3>心</c><2>の準備OK？</c><1></c>"
00:00:02.953,00:00:03.053,-1,-1,"<1></c><3>心</c><2>の準備OK？</c><1></c>"
00:00:03.053,00:00:03.187,-1,0,"<1></c><3>こころ</c><2>のじゅんびOK？</c><1></c>"
00:00:03.053,00:00:03.187,-1,0,"<1></c><3>こころ</c><2>のじゅんびOK？</c><1></c>"
00:00:03.053,00:00:03.187,-1,-1,"<1></c><3>心</c><2>の準備OK？</c><1></c>"
00:00:03.053,00:00:03.187,-1,-1,"<1></c><3>心</c><2>の準備OK？</c><1></c>"
00:00:03.187,00:00:03.320,-1,0,"<1></c><3>こころの</c><2>じゅんびOK？</c><1></c>"
00:00:03.187,00:00:03.320,-1,0,"<1></c><3>こころの</c><2>じゅんびOK？</c><1></c>"
00:00:03.187,00:00:03.320,-1,-1,"<1></c><3>心の</c><2>準備OK？</c><1></c>"
00:00:03.187,00:00:03.320,-1,-1,"<1></c><3>心の</c><2>準備OK？</c><1></c>"
00:00:03.320,00:00:03.420,-1,0,"<1></c><3>こころのじゅ</c><2>んびOK？</c><1></c>"
00:00:03.320,00:00:03.420,-1,0,"<1></c><3>こころのじゅ</c><2>んびOK？</c><1></c>"
00:00:03.320,00:00:03.420,-1,-1,"<1></c><3>心の準</c><2>備OK？</c><1></c>"
00:00:03.320,00:00:03.420,-1,-1,"<1></c><3>心の準</c><2>備OK？</c><1></c>"
00:00:03.420,00:00:03.520,-1,0,"<1></c><3>こころのじゅん</c><2>びOK？</c><1></c>"
00:00:03.420,00:00:03.520,-1,0,"<1></c><3>こころのじゅん</c><2>びOK？</c><1></c>"
00:00:03.420,00:00:03.520,-1,-1,"<1></c><3>心の準</c><2>備OK？</c><1></c>"
00:00:03.420,00:00:03.520,-1,-1,"<1></c><3>心の準</c><2>備OK？</c><1></c>"
00:00:03.520,00:00:03.821,-1,0,"<1></c><3>こころのじゅんび</c><2>OK？</c><1></c>"
00:00:03.520,00:00:03.821,-1,0,"<1></c><3>こころのじゅんび</c><2>OK？</c><1></c>"
00:00:03.520,00:00:03.821,-1,-1,"<1></c><3>心の準備</c><2>OK？</c><1></c>"
00:00:03.520,00:00:03.821,-1,-1,"<1></c><3>心の準備</c><2>OK？</c><1></c>"
00:00:03.821,00:00:04.054,-1,0,"<1></c><3>こころのじゅんびO</c><2>K？</c><1></c>"
00:00:03.821,00:00:04.054,-1,0,"<1></c><3>こころのじゅんびO</c><2>K？</c><1></c>"
00:00:03.821,00:00:04.054,-1,-1,"<1></c><3>心の準備O</c><2>K？</c><1></c>"
00:00:03.821,00:00:04.054,-1,-1,"<1></c><3>心の準備O</c><2>K？</c><1></c>"
00:00:04.054,00:00:04.455,-1,0,"<1></c><3>こころのじゅんびOK？</c><1></c>"
00:00:04.054,00:00:04.455,-1,0,"<1></c><3>こころのじゅんびOK？</c><1></c>"
00:00:04.054,00:00:04.455,-1,-1,"<1></c><3>心の準備OK？</c><1></c>"
00:00:04.054,00:00:04.455,-1,-1,"<1></c><3>心の準備OK？</c><1></c>"
00:00:04.455,00:00:04.555,-1,0,"<1></c><3>さ</c><2>あ、いっぽふみだして</c><1></c>"
00:00:04.455,00:00:04.555,-1,0,"<1></c><3>さ</c><2>あ、いっぽふみだして</c><1></c>"
00:00:04.455,00:00:04.555,-1,-1,"<1></c><3>さ</c><2>あ、一歩踏み出して</c><1></c>"
00:00:04.455,00:00:04.555,-1,-1,"<1></c><3>さ</c><2>あ、一歩踏み出して</c><1></c>"
00:00:04.555,00:00:04.655,-1,0,"<1></c><3>さあ、</c><2>いっぽふみだして</c><1></c>"
00:00:04.555,00:00:04.655,-1,0,"<1></c><3>さあ、</c><2>いっぽふみだして</c><1></c>"
00:00:04.555,00:00:04.655,-1,-1,"<1></c><3>さあ、</c><2>一歩踏み出して</c><1></c>"
00:00:04.555,00:00:04.655,-1,-1,"<1></c><3>さあ、</c><2>一歩踏み出して</c><1></c>"
00:00:04.655,00:00:04.788,-1,0,"<1></c><3>さあ、い</c><2>っぽふみだして</c><1></c>"
00:00:04.655,00:00:04.788,-1,0,"<1></c><3>さあ、い</c><2>っぽふみだして</c><1></c>"
00:00:04.655,00:00:04.788,-1,-1,"<1></c><3>さあ、一</c><2>歩踏み出して</c><1></c>"
00:00:04.655,00:00:04.788,-1,-1,"<1></c><3>さあ、一</c><2>歩踏み出して</c><1></c>"
00:00:04.788,00:00:04.922,-1,0,"<1></c><3>さあ、いっ</c><2>ぽふみだして</c><1></c>"
00:00:04.788,00:00:04.922,-1,0,"<1></c><3>さあ、いっ</c><2>ぽふみだして</c><1></c>"
00:00:04.788,00:00:04.922,-1,-1,"<1></c><3>さあ、一</c><2>歩踏み出して</c><1></c>"
00:00:04.788,00:00:04.922,-1,-1,"<1></c><3>さあ、一</c><2>歩踏み出して</c><1></c>"
00:00:04.922,00:00:05.022,-1,0,"<1></c><3>さあ、いっぽ</c><2>ふみだして</c><1></c>"
00:00:04.922,00:00:05.022,-1,0,"<1></c><3>さあ、いっぽ</c><2>ふみだして</c><1></c>"
00:00:04.922,00:00:05.022,-1,-1,"<1></c><3>さあ、一歩</c><2>踏み出して</c><1></c>"
00:00:04.922,00:00:05.022,-1,-1,"<1></c><3>さあ、一歩</c><2>踏み出して</c><1></c>"
00:00:05.022,00:00:05.122,-1,0,"<1></c><3>さあ、いっぽふ</c><2>みだして</c><1></c>"
00:00:05.022,00:00:05.122,-1,0,"<1></c><3>さあ、いっぽふ</c><2>みだして</c><1></c>"
00:00:05.022,00:00:05.122,-1,-1,"<1></c><3>さあ、一歩踏</c><2>み出して</c><1></c>"
00:00:05.022,00:00:05.122,-1,-1,"<1></c><3>さあ、一歩踏</c><2>み出して</c><1></c>"
00:00:05.122,00:00:05.222,-1,0,"<1></c><3>さあ、いっぽふみ</c><2>だして</c><1></c>"
00:00:05.122,00:00:05.222,-1,0,"<1></c><3>さあ、いっぽふみ</c><2>だして</c><1></c>"
00:00:05.122,00:00:05.222,-1,-1,"<1></c><3>さあ、一歩踏み</c><2>出して</c><1></c>"
00:00:05.122,00:00:05.222,-1,-1,"<1></c><3>さあ、一歩踏み</c><2>出して</c><1></c>"
00:00:05.222,00:00:05.556,-1,0,"<1></c><3>さあ、いっぽふみだ</c><2>して</c><1></c>"
00:00:05.222,00:00:05.556,-1,0,"<1></c><3>さあ、いっぽふみだ</c><2>して</c><1></c>"
00:00:05.222,00:00:05.556,-1,-1,"<1></c><3>さあ、一歩踏み出</c><2>して</c><1></c>"
00:00:05.222,00:00:05.556,-1,-1,"<1></c><3>さあ、一歩踏み出</c><2>して</c><1></c>"
00:00:05.556,00:00:05.756,-1,0,"<1></c><3>さあ、いっぽふみだし</c><2>て</c><1></c>"
00:00:05.556,00:00:05.756,-1,0,"<1></c><3>さあ、いっぽふみだし</c><2>て</c><1></c>"
00:00:05.556,00:00:05.756,-1,-1,"<1></c><3>さあ、一歩踏み出し</c><2>て</c><1></c>"
00:00:05.556,00:00:05.756,-1,-1,"<1></c><3>さあ、一歩踏み出し</c><2>て</c><1></c>"
00:00:05.756,00:00:06.223,-1,0,"<1></c><3>さあ、いっぽふみだして</c><1></c>"
00:00:05.756,00:00:06.223,-1,0,"<1></c><3>さあ、いっぽふみだして</c><1></c>"
00:00:05.756,00:00:06.223,-1,-1,"<1></c><3>さあ、一歩踏み出して</c><1></c>"
00:00:05.756,00:00:06.223,-1,-1,"<1></c><3>さあ、一歩踏み出して</c><1></c>"
00:00:06.223,00:00:06.523,-1,0,"<1></c><3>いっ</c><2>せーの、せ！</c><1></c>"
00:00:06.223,00:00:06.523,-1,0,"<1></c><3>いっ</c><2>せーの、せ！</c><1></c>"
00:00:06.223,00:00:06.523,-1,-1,"<1></c><3>いっ</c><2>せーの、せ！</c><1></c>"
00:00:06.223,00:00:06.523,-1,-1,"<1></c><3>いっ</c><2>せーの、せ！</c><1></c>"
00:00:06.523,00:00:06.890,-1,0,"<1></c><3>いっせー</c><2>の、せ！</c><1></c>"
00:00:06.523,00:00:06.890,-1,0,"<1></c><3>いっせー</c><2>の、せ！</c><1></c>"
00:00:06.523,00:00:06.890,-1,-1,"<1></c><3>いっせー</c><2>の、せ！</c><1></c>"
00:00:06.523,00:00:06.890,-1,-1,"<1></c><3>いっせー</c><2>の、せ！</c><1></c>"
00:00:06.890,00:00:07.458,-1,0,"<1></c><3>いっせーの、</c><2>せ！</c><1></c>"
00:00:06.890,00:00:07.458,-1,0,"<1></c><3>いっせーの、</c><2>せ！</c><1></c>"
00:00:06.890,00:00:07.458,-1,-1,"<1></c><3>いっせーの、</c><2>せ！</c><1></c>"
00:00:06.890,00:00:07.458,-1,-1,"<1></c><3>いっせーの、</c><2>せ！</c><1></c>"
00:00:07.458,00:00:07.958,-1,0,"<1></c><3>いっせーの、せ！</c><1></c>"
00:00:07.458,00:00:07.958,-1,0,"<1></c><3>いっせーの、せ！</c><1></c>"
00:00:07.458,00:00:07.958,-1,-1,"<1></c><3>いっせーの、せ！</c><1></c>"
00:00:07.458,00:00:07.958,-1,-1,"<1></c><3>いっせーの、せ！</c><1></c>"
00:00:07.958,00:00:13.197,-1,0,"<1></c><3>夢見る羊/角巻わため</c><1></c>"
00:00:07.958,00:00:13.197,-1,0,"<1></c><3>夢見る羊/角巻わため</c><1></c>"
00:00:07.958,00:00:09.727,-1,-1,"<1></c><3>作詞：角巻わため</c><1></c>"
00:00:07.958,00:00:09.727,-1,-1,"<1></c><3>作詞：角巻わため</c><1></c>"
00:00:09.727,00:00:11.428,-1,-1,"<1></c><3>作曲：堀江晶太</c><1></c>"
00:00:09.727,00:00:11.428,-1,-1,"<1></c><3>作曲：堀江晶太</c><1></c>"
00:00:11.428,00:00:13.197,-1,91,"<1></c><3>Drums:山本真央樹</c><1></c><3>Strings:室屋光一郎ストリングス</c><1></c>"
00:00:11.428,00:00:13.197,-1,91,"<1></c><3>Drums:山本真央樹</c><1></c><3>Strings:室屋光一郎ストリングス</c><1></c>"
00:00:13.197,00:00:14.898,77,91,"<1></c><3>StringsScoring:宮野幸子（SHANGRI-LAINC.）</c><1></c><3>AllOtherInstruments&amp;Programming:堀江晶太</c><1></c>"
00:00:13.197,00:00:14.898,77,91,"<1></c><3>StringsScoring:宮野幸子（SHANGRI-LAINC.）</c><1></c><3>AllOtherInstruments&amp;Programming:堀江晶太</c><1></c>"
00:00:14.898,00:00:15.032,-1,0,"<1></c><3>ま</c><2>っしろなひつじにいのちがやどって</c><1></c>"
00:00:14.898,00:00:15.032,-1,0,"<1></c><3>ま</c><2>っしろなひつじにいのちがやどって</c><1></c>"
00:00:14.898,00:00:15.032,-1,-1,"<1></c><3>真</c><2>っ白な羊に命が宿って</c><1></c>"
00:00:14.898,00:00:15.032,-1,-1,"<1></c><3>真</c><2>っ白な羊に命が宿って</c><1></c>"
00:00:15.032,00:00:15.199,-1,0,"<1></c><3>まっ</c><2>しろなひつじにいのちがやどって</c><1></c>"
00:00:15.032,00:00:15.199,-1,0,"<1></c><3>まっ</c><2>しろなひつじにいのちがやどって</c><1></c>"
00:00:15.032,00:00:15.199,-1,-1,"<1></c><3>真っ</c><2>白な羊に命が宿って</c><1></c>"
00:00:15.032,00:00:15.199,-1,-1,"<1></c><3>真っ</c><2>白な羊に命が宿って</c><1></c>"
00:00:15.199,00:00:15.265,-1,0,"<1></c><3>まっし</c><2>ろなひつじにいのちがやどって</c><1></c>"
00:00:15.199,00:00:15.265,-1,0,"<1></c><3>まっし</c><2>ろなひつじにいのちがやどって</c><1></c>"
00:00:15.199,00:00:15.265,-1,-1,"<1></c><3>真っ白</c><2>な羊に命が宿って</c><1></c>"
00:00:15.199,00:00:15.265,-1,-1,"<1></c><3>真っ白</c><2>な羊に命が宿って</c><1></c>"
00:00:15.265,00:00:15.332,-1,0,"<1></c><3>まっしろ</c><2>なひつじにいのちがやどって</c><1></c>"
00:00:15.265,00:00:15.332,-1,0,"<1></c><3>まっしろ</c><2>なひつじにいのちがやどって</c><1></c>"
00:00:15.265,00:00:15.332,-1,-1,"<1></c><3>真っ白</c><2>な羊に命が宿って</c><1></c>"
00:00:15.265,00:00:15.332,-1,-1,"<1></c><3>真っ白</c><2>な羊に命が宿って</c><1></c>"
00:00:15.332,00:00:15.566,-1,0,"<1></c><3>まっしろな</c><2>ひつじにいのちがやどって</c><1></c>"
00:00:15.332,00:00:15.566,-1,0,"<1></c><3>まっしろな</c><2>ひつじにいのちがやどって</c><1></c>"
00:00:15.332,00:00:15.566,-1,-1,"<1></c><3>真っ白な</c><2>羊に命が宿って</c><1></c>"
00:00:15.332,00:00:15.566,-1,-1,"<1></c><3>真っ白な</c><2>羊に命が宿って</c><1></c>"
00:00:15.566,00:00:15.666,-1,0,"<1></c><3>まっしろなひ</c><2>つじにいのちがやどって</c><1></c>"
00:00:15.566,00:00:15.666,-1,0,"<1></c><3>まっしろなひ</c><2>つじにいのちがやどって</c><1></c>"
00:00:15.566,00:00:15.666,-1,-1,"<1></c><3>真っ白な羊</c><2>に命が宿って</c><1></c>"
00:00:15.566,00:00:15.666,-1,-1,"<1></c><3>真っ白な羊</c><2>に命が宿って</c><1></c>"
00:00:15.666,00:00:15.966,-1,0,"<1></c><3>まっしろなひつ</c><2>じにいのちがやどって</c><1></c>"
00:00:15.666,00:00:15.966,-1,0,"<1></c><3>まっしろなひつ</c><2>じにいのちがやどって</c><1></c>"
00:00:15.666,00:00:15.966,-1,-1,"<1></c><3>真っ白な羊</c><2>に命が宿って</c><1></c>"
00:00:15.666,00:00:15.966,-1,-1,"<1></c><3>真っ白な羊</c><2>に命が宿って</c><1></c>"
00:00:15.966,00:00:16.200,-1,0,"<1></c><3>まっしろなひつじ</c><2>にいのちがやどって</c><1></c>"
00:00:15.966,00:00:16.200,-1,0,"<1></c><3>まっしろなひつじ</c><2>にいのちがやどって</c><1></c>"
00:00:15.966,00:00:16.200,-1,-1,"<1></c><3>真っ白な羊</c><2>に命が宿って</c><1></c>"
00:00:15.966,00:00:16.200,-1,-1,"<1></c><3>真っ白な羊</c><2>に命が宿って</c><1></c>"
00:00:16.200,00:00:16.367,-1,0,"<1></c><3>まっしろなひつじに</c><2>いのちがやどって</c><1></c>"
00:00:16.200,00:00:16.367,-1,0,"<1></c><3>まっしろなひつじに</c><2>いのちがやどって</c><1></c>"
00:00:16.200,00:00:16.367,-1,-1,"<1></c><3>真っ白な羊に</c><2>命が宿って</c><1></c>"
00:00:16.200,00:00:16.367,-1,-1,"<1></c><3>真っ白な羊に</c><2>命が宿って</c><1></c>"
00:00:16.367,00:00:16.433,-1,0,"<1></c><3>まっしろなひつじにい</c><2>のちがやどって</c><1></c>"
00:00:16.367,00:00:16.433,-1,0,"<1></c><3>まっしろなひつじにい</c><2>のちがやどって</c><1></c>"
00:00:16.367,00:00:16.433,-1,-1,"<1></c><3>真っ白な羊に命</c><2>が宿って</c><1></c>"
00:00:16.367,00:00:16.433,-1,-1,"<1></c><3>真っ白な羊に命</c><2>が宿って</c><1></c>"
00:00:16.433,00:00:16.533,-1,0,"<1></c><3>まっしろなひつじにいの</c><2>ちがやどって</c><1></c>"
00:00:16.433,00:00:16.533,-1,0,"<1></c><3>まっしろなひつじにいの</c><2>ちがやどって</c><1></c>"
00:00:16.433,00:00:16.533,-1,-1,"<1></c><3>真っ白な羊に命</c><2>が宿って</c><1></c>"
00:00:16.433,00:00:16.533,-1,-1,"<1></c><3>真っ白な羊に命</c><2>が宿って</c><1></c>"
00:00:16.533,00:00:16.867,-1,0,"<1></c><3>まっしろなひつじにいのち</c><2>がやどって</c><1></c>"
00:00:16.533,00:00:16.867,-1,0,"<1></c><3>まっしろなひつじにいのち</c><2>がやどって</c><1></c>"
00:00:16.533,00:00:16.867,-1,-1,"<1></c><3>真っ白な羊に命</c><2>が宿って</c><1></c>"
00:00:16.533,00:00:16.867,-1,-1,"<1></c><3>真っ白な羊に命</c><2>が宿って</c><1></c>"
00:00:16.867,00:00:17.067,-1,0,"<1></c><3>まっしろなひつじにいのちが</c><2>やどって</c><1></c>"
00:00:16.867,00:00:17.067,-1,0,"<1></c><3>まっしろなひつじにいのちが</c><2>やどって</c><1></c>"
00:00:16.867,00:00:17.067,-1,-1,"<1></c><3>真っ白な羊に命が</c><2>宿って</c><1></c>"
00:00:16.867,00:00:17.067,-1,-1,"<1></c><3>真っ白な羊に命が</c><2>宿って</c><1></c>"
00:00:17.067,00:00:17.201,-1,0,"<1></c><3>まっしろなひつじにいのちがや</c><2>どって</c><1></c>"
00:00:17.067,00:00:17.201,-1,0,"<1></c><3>まっしろなひつじにいのちがや</c><2>どって</c><1></c>"
00:00:17.067,00:00:17.201,-1,-1,"<1></c><3>真っ白な羊に命が宿</c><2>って</c><1></c>"
00:00:17.067,00:00:17.201,-1,-1,"<1></c><3>真っ白な羊に命が宿</c><2>って</c><1></c>"
00:00:17.201,00:00:17.334,-1,0,"<1></c><3>まっしろなひつじにいのちがやど</c><2>って</c><1></c>"
00:00:17.201,00:00:17.334,-1,0,"<1></c><3>まっしろなひつじにいのちがやど</c><2>って</c><1></c>"
00:00:17.201,00:00:17.334,-1,-1,"<1></c><3>真っ白な羊に命が宿</c><2>って</c><1></c>"
00:00:17.201,00:00:17.334,-1,-1,"<1></c><3>真っ白な羊に命が宿</c><2>って</c><1></c>"
00:00:17.334,00:00:17.434,-1,0,"<1></c><3>まっしろなひつじにいのちがやどっ</c><2>て</c><1></c>"
00:00:17.334,00:00:17.434,-1,0,"<1></c><3>まっしろなひつじにいのちがやどっ</c><2>て</c><1></c>"
00:00:17.334,00:00:17.434,-1,-1,"<1></c><3>真っ白な羊に命が宿っ</c><2>て</c><1></c>"
00:00:17.334,00:00:17.434,-1,-1,"<1></c><3>真っ白な羊に命が宿っ</c><2>て</c><1></c>"
00:00:17.434,00:00:18.402,-1,0,"<1></c><3>まっしろなひつじにいのちがやどって</c><1></c>"
00:00:17.434,00:00:18.402,-1,0,"<1></c><3>まっしろなひつじにいのちがやどって</c><1></c>"
00:00:17.434,00:00:18.402,-1,-1,"<1></c><3>真っ白な羊に命が宿って</c><1></c>"
00:00:17.434,00:00:18.402,-1,-1,"<1></c><3>真っ白な羊に命が宿って</c><1></c>"
00:00:18.402,00:00:18.602,-1,0,"<1></c><3>め</c><2>ざめたんだこのおおきなせかいで</c><1></c>"
00:00:18.402,00:00:18.602,-1,0,"<1></c><3>め</c><2>ざめたんだこのおおきなせかいで</c><1></c>"
00:00:18.402,00:00:18.602,-1,-1,"<1></c><3>目</c><2>覚めたんだこの大きな世界で</c><1></c>"
00:00:18.402,00:00:18.602,-1,-1,"<1></c><3>目</c><2>覚めたんだこの大きな世界で</c><1></c>"
00:00:18.602,00:00:18.702,-1,0,"<1></c><3>めざ</c><2>めたんだこのおおきなせかいで</c><1></c>"
00:00:18.602,00:00:18.702,-1,0,"<1></c><3>めざ</c><2>めたんだこのおおきなせかいで</c><1></c>"
00:00:18.602,00:00:18.702,-1,-1,"<1></c><3>目覚</c><2>めたんだこの大きな世界で</c><1></c>"
00:00:18.602,00:00:18.702,-1,-1,"<1></c><3>目覚</c><2>めたんだこの大きな世界で</c><1></c>"
00:00:18.702,00:00:18.836,-1,0,"<1></c><3>めざめ</c><2>たんだこのおおきなせかいで</c><1></c>"
00:00:18.702,00:00:18.836,-1,0,"<1></c><3>めざめ</c><2>たんだこのおおきなせかいで</c><1></c>"
00:00:18.702,00:00:18.836,-1,-1,"<1></c><3>目覚め</c><2>たんだこの大きな世界で</c><1></c>"
00:00:18.702,00:00:18.836,-1,-1,"<1></c><3>目覚め</c><2>たんだこの大きな世界で</c><1></c>"
00:00:18.836,00:00:19.069,-1,0,"<1></c><3>めざめた</c><2>んだこのおおきなせかいで</c><1></c>"
00:00:18.836,00:00:19.069,-1,0,"<1></c><3>めざめた</c><2>んだこのおおきなせかいで</c><1></c>"
00:00:18.836,00:00:19.069,-1,-1,"<1></c><3>目覚めた</c><2>んだこの大きな世界で</c><1></c>"
00:00:18.836,00:00:19.069,-1,-1,"<1></c><3>目覚めた</c><2>んだこの大きな世界で</c><1></c>"
00:00:19.069,00:00:19.169,-1,0,"<1></c><3>めざめたん</c><2>だこのおおきなせかいで</c><1></c>"
00:00:19.069,00:00:19.169,-1,0,"<1></c><3>めざめたん</c><2>だこのおおきなせかいで</c><1></c>"
00:00:19.069,00:00:19.169,-1,-1,"<1></c><3>目覚めたん</c><2>だこの大きな世界で</c><1></c>"
00:00:19.069,00:00:19.169,-1,-1,"<1></c><3>目覚めたん</c><2>だこの大きな世界で</c><1></c>"
00:00:19.169,00:00:19.470,-1,0,"<1></c><3>めざめたんだ</c><2>このおおきなせかいで</c><1></c>"
00:00:19.169,00:00:19.470,-1,0,"<1></c><3>めざめたんだ</c><2>このおおきなせかいで</c><1></c>"
00:00:19.169,00:00:19.470,-1,-1,"<1></c><3>目覚めたんだ</c><2>この大きな世界で</c><1></c>"
00:00:19.169,00:00:19.470,-1,-1,"<1></c><3>目覚めたんだ</c><2>この大きな世界で</c><1></c>"
00:00:19.470,00:00:19.603,-1,0,"<1></c><3>めざめたんだこ</c><2>のおおきなせかいで</c><1></c>"
00:00:19.470,00:00:19.603,-1,0,"<1></c><3>めざめたんだこ</c><2>のおおきなせかいで</c><1></c>"
00:00:19.470,00:00:19.603,-1,-1,"<1></c><3>目覚めたんだこ</c><2>の大きな世界で</c><1></c>"
00:00:19.470,00:00:19.603,-1,-1,"<1></c><3>目覚めたんだこ</c><2>の大きな世界で</c><1></c>"
00:00:19.603,00:00:19.703,-1,0,"<1></c><3>めざめたんだこの</c><2>おおきなせかいで</c><1></c>"
00:00:19.603,00:00:19.703,-1,0,"<1></c><3>めざめたんだこの</c><2>おおきなせかいで</c><1></c>"
00:00:19.603,00:00:19.703,-1,-1,"<1></c><3>目覚めたんだこの</c><2>大きな世界で</c><1></c>"
00:00:19.603,00:00:19.703,-1,-1,"<1></c><3>目覚めたんだこの</c><2>大きな世界で</c><1></c>"
00:00:19.703,00:00:19.803,-1,0,"<1></c><3>めざめたんだこのお</c><2>おきなせかいで</c><1></c>"
00:00:19.703,00:00:19.803,-1,0,"<1></c><3>めざめたんだこのお</c><2>おきなせかいで</c><1></c>"
00:00:19.703,00:00:19.803,-1,-1,"<1></c><3>目覚めたんだこの大</c><2>きな世界で</c><1></c>"
00:00:19.703,00:00:19.803,-1,-1,"<1></c><3>目覚めたんだこの大</c><2>きな世界で</c><1></c>"
00:00:19.803,00:00:19.903,-1,0,"<1></c><3>めざめたんだこのおお</c><2>きなせかいで</c><1></c>"
00:00:19.803,00:00:19.903,-1,0,"<1></c><3>めざめたんだこのおお</c><2>きなせかいで</c><1></c>"
00:00:19.803,00:00:19.903,-1,-1,"<1></c><3>目覚めたんだこの大</c><2>きな世界で</c><1></c>"
00:00:19.803,00:00:19.903,-1,-1,"<1></c><3>目覚めたんだこの大</c><2>きな世界で</c><1></c>"
00:00:19.903,00:00:20.037,-1,0,"<1></c><3>めざめたんだこのおおき</c><2>なせかいで</c><1></c>"
00:00:19.903,00:00:20.037,-1,0,"<1></c><3>めざめたんだこのおおき</c><2>なせかいで</c><1></c>"
00:00:19.903,00:00:20.037,-1,-1,"<1></c><3>目覚めたんだこの大き</c><2>な世界で</c><1></c>"
00:00:19.903,00:00:20.037,-1,-1,"<1></c><3>目覚めたんだこの大き</c><2>な世界で</c><1></c>"
00:00:20.037,00:00:20.337,-1,0,"<1></c><3>めざめたんだこのおおきな</c><2>せかいで</c><1></c>"
00:00:20.037,00:00:20.337,-1,0,"<1></c><3>めざめたんだこのおおきな</c><2>せかいで</c><1></c>"
00:00:20.037,00:00:20.337,-1,-1,"<1></c><3>目覚めたんだこの大きな</c><2>世界で</c><1></c>"
00:00:20.037,00:00:20.337,-1,-1,"<1></c><3>目覚めたんだこの大きな</c><2>世界で</c><1></c>"
00:00:20.337,00:00:20.571,-1,0,"<1></c><3>めざめたんだこのおおきなせ</c><2>かいで</c><1></c>"
00:00:20.337,00:00:20.571,-1,0,"<1></c><3>めざめたんだこのおおきなせ</c><2>かいで</c><1></c>"
00:00:20.337,00:00:20.571,-1,-1,"<1></c><3>目覚めたんだこの大きな世</c><2>界で</c><1></c>"
00:00:20.337,00:00:20.571,-1,-1,"<1></c><3>目覚めたんだこの大きな世</c><2>界で</c><1></c>"
00:00:20.571,00:00:20.804,-1,0,"<1></c><3>めざめたんだこのおおきなせか</c><2>いで</c><1></c>"
00:00:20.571,00:00:20.804,-1,0,"<1></c><3>めざめたんだこのおおきなせか</c><2>いで</c><1></c>"
00:00:20.571,00:00:20.804,-1,-1,"<1></c><3>目覚めたんだこの大きな世界</c><2>で</c><1></c>"
00:00:20.571,00:00:20.804,-1,-1,"<1></c><3>目覚めたんだこの大きな世界</c><2>で</c><1></c>"
00:00:20.804,00:00:20.938,-1,0,"<1></c><3>めざめたんだこのおおきなせかい</c><2>で</c><1></c>"
00:00:20.804,00:00:20.938,-1,0,"<1></c><3>めざめたんだこのおおきなせかい</c><2>で</c><1></c>"
00:00:20.804,00:00:20.938,-1,-1,"<1></c><3>目覚めたんだこの大きな世界</c><2>で</c><1></c>"
00:00:20.804,00:00:20.938,-1,-1,"<1></c><3>目覚めたんだこの大きな世界</c><2>で</c><1></c>"
00:00:20.938,00:00:21.672,-1,0,"<1></c><3>めざめたんだこのおおきなせかいで</c><1></c>"
00:00:20.938,00:00:21.672,-1,0,"<1></c><3>めざめたんだこのおおきなせかいで</c><1></c>"
00:00:20.938,00:00:21.672,-1,-1,"<1></c><3>目覚めたんだこの大きな世界で</c><1></c>"
00:00:20.938,00:00:21.672,-1,-1,"<1></c><3>目覚めたんだこの大きな世界で</c><1></c>"
00:00:21.672,00:00:21.772,-1,0,"<1></c><3>な</c><2>にをしようかどこにいこうか</c><1></c>"
00:00:21.672,00:00:21.772,-1,0,"<1></c><3>な</c><2>にをしようかどこにいこうか</c><1></c>"
00:00:21.672,00:00:21.772,-1,-1,"<1></c><3>何</c><2>をしようかどこに行こうか</c><1></c>"
00:00:21.672,00:00:21.772,-1,-1,"<1></c><3>何</c><2>をしようかどこに行こうか</c><1></c>"
00:00:21.772,00:00:21.872,-1,0,"<1></c><3>なに</c><2>をしようかどこにいこうか</c><1></c>"
00:00:21.772,00:00:21.872,-1,0,"<1></c><3>なに</c><2>をしようかどこにいこうか</c><1></c>"
00:00:21.772,00:00:21.872,-1,-1,"<1></c><3>何</c><2>をしようかどこに行こうか</c><1></c>"
00:00:21.772,00:00:21.872,-1,-1,"<1></c><3>何</c><2>をしようかどこに行こうか</c><1></c>"
00:00:21.872,00:00:22.306,-1,0,"<1></c><3>なにを</c><2>しようかどこにいこうか</c><1></c>"
00:00:21.872,00:00:22.306,-1,0,"<1></c><3>なにを</c><2>しようかどこにいこうか</c><1></c>"
00:00:21.872,00:00:22.306,-1,-1,"<1></c><3>何を</c><2>しようかどこに行こうか</c><1></c>"
00:00:21.872,00:00:22.306,-1,-1,"<1></c><3>何を</c><2>しようかどこに行こうか</c><1></c>"
00:00:22.306,00:00:22.539,-1,0,"<1></c><3>なにをし</c><2>ようかどこにいこうか</c><1></c>"
00:00:22.306,00:00:22.539,-1,0,"<1></c><3>なにをし</c><2>ようかどこにいこうか</c><1></c>"
00:00:22.306,00:00:22.539,-1,-1,"<1></c><3>何をし</c><2>ようかどこに行こうか</c><1></c>"
00:00:22.306,00:00:22.539,-1,-1,"<1></c><3>何をし</c><2>ようかどこに行こうか</c><1></c>"
00:00:22.539,00:00:22.639,-1,0,"<1></c><3>なにをしよ</c><2>うかどこにいこうか</c><1></c>"
00:00:22.539,00:00:22.639,-1,0,"<1></c><3>なにをしよ</c><2>うかどこにいこうか</c><1></c>"
00:00:22.539,00:00:22.639,-1,-1,"<1></c><3>何をしよ</c><2>うかどこに行こうか</c><1></c>"
00:00:22.539,00:00:22.639,-1,-1,"<1></c><3>何をしよ</c><2>うかどこに行こうか</c><1></c>"
00:00:22.639,00:00:22.940,-1,0,"<1></c><3>なにをしよう</c><2>かどこにいこうか</c><1></c>"
00:00:22.639,00:00:22.940,-1,0,"<1></c><3>なにをしよう</c><2>かどこにいこうか</c><1></c>"
00:00:22.639,00:00:22.940,-1,-1,"<1></c><3>何をしよう</c><2>かどこに行こうか</c><1></c>"
00:00:22.639,00:00:22.940,-1,-1,"<1></c><3>何をしよう</c><2>かどこに行こうか</c><1></c>"
00:00:22.940,00:00:23.407,-1,0,"<1></c><3>なにをしようか</c><2>どこにいこうか</c><1></c>"
00:00:22.940,00:00:23.407,-1,0,"<1></c><3>なにをしようか</c><2>どこにいこうか</c><1></c>"
00:00:22.940,00:00:23.407,-1,-1,"<1></c><3>何をしようか</c><2>どこに行こうか</c><1></c>"
00:00:22.940,00:00:23.407,-1,-1,"<1></c><3>何をしようか</c><2>どこに行こうか</c><1></c>"
00:00:23.407,00:00:23.540,-1,0,"<1></c><3>なにをしようかど</c><2>こにいこうか</c><1></c>"
00:00:23.407,00:00:23.540,-1,0,"<1></c><3>なにをしようかど</c><2>こにいこうか</c><1></c>"
00:00:23.407,00:00:23.540,-1,-1,"<1></c><3>何をしようかど</c><2>こに行こうか</c><1></c>"
00:00:23.407,00:00:23.540,-1,-1,"<1></c><3>何をしようかど</c><2>こに行こうか</c><1></c>"
00:00:23.540,00:00:23.607,-1,0,"<1></c><3>なにをしようかどこ</c><2>にいこうか</c><1></c>"
00:00:23.540,00:00:23.607,-1,0,"<1></c><3>なにをしようかどこ</c><2>にいこうか</c><1></c>"
00:00:23.540,00:00:23.607,-1,-1,"<1></c><3>何をしようかどこ</c><2>に行こうか</c><1></c>"
00:00:23.540,00:00:23.607,-1,-1,"<1></c><3>何をしようかどこ</c><2>に行こうか</c><1></c>"
00:00:23.607,00:00:24.041,-1,0,"<1></c><3>なにをしようかどこに</c><2>いこうか</c><1></c>"
00:00:23.607,00:00:24.041,-1,0,"<1></c><3>なにをしようかどこに</c><2>いこうか</c><1></c>"
00:00:23.607,00:00:24.041,-1,-1,"<1></c><3>何をしようかどこに</c><2>行こうか</c><1></c>"
00:00:23.607,00:00:24.041,-1,-1,"<1></c><3>何をしようかどこに</c><2>行こうか</c><1></c>"
00:00:24.041,00:00:24.274,-1,0,"<1></c><3>なにをしようかどこにい</c><2>こうか</c><1></c>"
00:00:24.041,00:00:24.274,-1,0,"<1></c><3>なにをしようかどこにい</c><2>こうか</c><1></c>"
00:00:24.041,00:00:24.274,-1,-1,"<1></c><3>何をしようかどこに行</c><2>こうか</c><1></c>"
00:00:24.041,00:00:24.274,-1,-1,"<1></c><3>何をしようかどこに行</c><2>こうか</c><1></c>"
00:00:24.274,00:00:24.375,-1,0,"<1></c><3>なにをしようかどこにいこ</c><2>うか</c><1></c>"
00:00:24.274,00:00:24.375,-1,0,"<1></c><3>なにをしようかどこにいこ</c><2>うか</c><1></c>"
00:00:24.274,00:00:24.375,-1,-1,"<1></c><3>何をしようかどこに行こ</c><2>うか</c><1></c>"
00:00:24.274,00:00:24.375,-1,-1,"<1></c><3>何をしようかどこに行こ</c><2>うか</c><1></c>"
00:00:24.375,00:00:24.708,-1,0,"<1></c><3>なにをしようかどこにいこう</c><2>か</c><1></c>"
00:00:24.375,00:00:24.708,-1,0,"<1></c><3>なにをしようかどこにいこう</c><2>か</c><1></c>"
00:00:24.375,00:00:24.708,-1,-1,"<1></c><3>何をしようかどこに行こう</c><2>か</c><1></c>"
00:00:24.375,00:00:24.708,-1,-1,"<1></c><3>何をしようかどこに行こう</c><2>か</c><1></c>"
00:00:24.708,00:00:25.342,-1,0,"<1></c><3>なにをしようかどこにいこうか</c><1></c>"
00:00:24.708,00:00:25.342,-1,0,"<1></c><3>なにをしようかどこにいこうか</c><1></c>"
00:00:24.708,00:00:25.342,-1,-1,"<1></c><3>何をしようかどこに行こうか</c><1></c>"
00:00:24.708,00:00:25.342,-1,-1,"<1></c><3>何をしようかどこに行こうか</c><1></c>"
00:00:25.342,00:00:25.576,-1,0,"<1></c><3>ぼ</c><2>うけんははじまった</c><1></c>"
00:00:25.342,00:00:25.576,-1,0,"<1></c><3>ぼ</c><2>うけんははじまった</c><1></c>"
00:00:25.342,00:00:25.576,-1,-1,"<1></c><3>冒</c><2>険は始まった</c><1></c>"
00:00:25.342,00:00:25.576,-1,-1,"<1></c><3>冒</c><2>険は始まった</c><1></c>"
00:00:25.576,00:00:25.776,-1,0,"<1></c><3>ぼう</c><2>けんははじまった</c><1></c>"
00:00:25.576,00:00:25.776,-1,0,"<1></c><3>ぼう</c><2>けんははじまった</c><1></c>"
00:00:25.576,00:00:25.776,-1,-1,"<1></c><3>冒</c><2>険は始まった</c><1></c>"
00:00:25.576,00:00:25.776,-1,-1,"<1></c><3>冒</c><2>険は始まった</c><1></c>"
00:00:25.776,00:00:25.909,-1,0,"<1></c><3>ぼうけ</c><2>んははじまった</c><1></c>"
00:00:25.776,00:00:25.909,-1,0,"<1></c><3>ぼうけ</c><2>んははじまった</c><1></c>"
00:00:25.776,00:00:25.909,-1,-1,"<1></c><3>冒険</c><2>は始まった</c><1></c>"
00:00:25.776,00:00:25.909,-1,-1,"<1></c><3>冒険</c><2>は始まった</c><1></c>"
00:00:25.909,00:00:26.010,-1,0,"<1></c><3>ぼうけん</c><2>ははじまった</c><1></c>"
00:00:25.909,00:00:26.010,-1,0,"<1></c><3>ぼうけん</c><2>ははじまった</c><1></c>"
00:00:25.909,00:00:26.010,-1,-1,"<1></c><3>冒険</c><2>は始まった</c><1></c>"
00:00:25.909,00:00:26.010,-1,-1,"<1></c><3>冒険</c><2>は始まった</c><1></c>"
00:00:26.010,00:00:26.110,-1,0,"<1></c><3>ぼうけんは</c><2>はじまった</c><1></c>"
00:00:26.010,00:00:26.110,-1,0,"<1></c><3>ぼうけんは</c><2>はじまった</c><1></c>"
00:00:26.010,00:00:26.110,-1,-1,"<1></c><3>冒険は</c><2>始まった</c><1></c>"
00:00:26.010,00:00:26.110,-1,-1,"<1></c><3>冒険は</c><2>始まった</c><1></c>"
00:00:26.110,00:00:26.410,-1,0,"<1></c><3>ぼうけんはは</c><2>じまった</c><1></c>"
00:00:26.110,00:00:26.410,-1,0,"<1></c><3>ぼうけんはは</c><2>じまった</c><1></c>"
00:00:26.110,00:00:26.410,-1,-1,"<1></c><3>冒険は始</c><2>まった</c><1></c>"
00:00:26.110,00:00:26.410,-1,-1,"<1></c><3>冒険は始</c><2>まった</c><1></c>"
00:00:26.410,00:00:26.643,-1,0,"<1></c><3>ぼうけんははじ</c><2>まった</c><1></c>"
00:00:26.410,00:00:26.643,-1,0,"<1></c><3>ぼうけんははじ</c><2>まった</c><1></c>"
00:00:26.410,00:00:26.643,-1,-1,"<1></c><3>冒険は始</c><2>まった</c><1></c>"
00:00:26.410,00:00:26.643,-1,-1,"<1></c><3>冒険は始</c><2>まった</c><1></c>"
00:00:26.643,00:00:26.844,-1,0,"<1></c><3>ぼうけんははじま</c><2>った</c><1></c>"
00:00:26.643,00:00:26.844,-1,0,"<1></c><3>ぼうけんははじま</c><2>った</c><1></c>"
00:00:26.643,00:00:26.844,-1,-1,"<1></c><3>冒険は始ま</c><2>った</c><1></c>"
00:00:26.643,00:00:26.844,-1,-1,"<1></c><3>冒険は始ま</c><2>った</c><1></c>"
00:00:26.844,00:00:26.977,-1,0,"<1></c><3>ぼうけんははじまっ</c><2>た</c><1></c>"
00:00:26.844,00:00:26.977,-1,0,"<1></c><3>ぼうけんははじまっ</c><2>た</c><1></c>"
00:00:26.844,00:00:26.977,-1,-1,"<1></c><3>冒険は始まっ</c><2>た</c><1></c>"
00:00:26.844,00:00:26.977,-1,-1,"<1></c><3>冒険は始まっ</c><2>た</c><1></c>"
00:00:26.977,00:00:27.945,-1,0,"<1></c><3>ぼうけんははじまった</c><1></c>"
00:00:26.977,00:00:27.945,-1,0,"<1></c><3>ぼうけんははじまった</c><1></c>"
00:00:26.977,00:00:27.945,-1,-1,"<1></c><3>冒険は始まった</c><1></c>"
00:00:26.977,00:00:27.945,-1,-1,"<1></c><3>冒険は始まった</c><1></c>"
00:00:28.846,00:00:29.046,-1,0,"<1></c><3>ふ</c><2>らふらなあしどりでよわよわしく</c><1></c>"
00:00:28.846,00:00:29.046,-1,0,"<1></c><3>ふ</c><2>らふらなあしどりでよわよわしく</c><1></c>"
00:00:28.846,00:00:29.046,-1,-1,"<1></c><3>フ</c><2>ラフラな足取りで弱々しく</c><1></c>"
00:00:28.846,00:00:29.046,-1,-1,"<1></c><3>フ</c><2>ラフラな足取りで弱々しく</c><1></c>"
00:00:29.046,00:00:29.179,-1,0,"<1></c><3>ふら</c><2>ふらなあしどりでよわよわしく</c><1></c>"
00:00:29.046,00:00:29.179,-1,0,"<1></c><3>ふら</c><2>ふらなあしどりでよわよわしく</c><1></c>"
00:00:29.046,00:00:29.179,-1,-1,"<1></c><3>フラ</c><2>フラな足取りで弱々しく</c><1></c>"
00:00:29.046,00:00:29.179,-1,-1,"<1></c><3>フラ</c><2>フラな足取りで弱々しく</c><1></c>"
00:00:29.179,00:00:29.246,-1,0,"<1></c><3>ふらふ</c><2>らなあしどりでよわよわしく</c><1></c>"
00:00:29.179,00:00:29.246,-1,0,"<1></c><3>ふらふ</c><2>らなあしどりでよわよわしく</c><1></c>"
00:00:29.179,00:00:29.246,-1,-1,"<1></c><3>フラフ</c><2>ラな足取りで弱々しく</c><1></c>"
00:00:29.179,00:00:29.246,-1,-1,"<1></c><3>フラフ</c><2>ラな足取りで弱々しく</c><1></c>"
00:00:29.246,00:00:29.480,-1,0,"<1></c><3>ふらふら</c><2>なあしどりでよわよわしく</c><1></c>"
00:00:29.246,00:00:29.480,-1,0,"<1></c><3>ふらふら</c><2>なあしどりでよわよわしく</c><1></c>"
00:00:29.246,00:00:29.480,-1,-1,"<1></c><3>フラフラ</c><2>な足取りで弱々しく</c><1></c>"
00:00:29.246,00:00:29.480,-1,-1,"<1></c><3>フラフラ</c><2>な足取りで弱々しく</c><1></c>"
00:00:29.480,00:00:29.613,-1,0,"<1></c><3>ふらふらな</c><2>あしどりでよわよわしく</c><1></c>"
00:00:29.480,00:00:29.613,-1,0,"<1></c><3>ふらふらな</c><2>あしどりでよわよわしく</c><1></c>"
00:00:29.480,00:00:29.613,-1,-1,"<1></c><3>フラフラな</c><2>足取りで弱々しく</c><1></c>"
00:00:29.480,00:00:29.613,-1,-1,"<1></c><3>フラフラな</c><2>足取りで弱々しく</c><1></c>"
00:00:29.613,00:00:29.913,-1,0,"<1></c><3>ふらふらなあ</c><2>しどりでよわよわしく</c><1></c>"
00:00:29.613,00:00:29.913,-1,0,"<1></c><3>ふらふらなあ</c><2>しどりでよわよわしく</c><1></c>"
00:00:29.613,00:00:29.913,-1,-1,"<1></c><3>フラフラな足</c><2>取りで弱々しく</c><1></c>"
00:00:29.613,00:00:29.913,-1,-1,"<1></c><3>フラフラな足</c><2>取りで弱々しく</c><1></c>"
00:00:29.913,00:00:30.114,-1,0,"<1></c><3>ふらふらなあし</c><2>どりでよわよわしく</c><1></c>"
00:00:29.913,00:00:30.114,-1,0,"<1></c><3>ふらふらなあし</c><2>どりでよわよわしく</c><1></c>"
00:00:29.913,00:00:30.114,-1,-1,"<1></c><3>フラフラな足</c><2>取りで弱々しく</c><1></c>"
00:00:29.913,00:00:30.114,-1,-1,"<1></c><3>フラフラな足</c><2>取りで弱々しく</c><1></c>"
00:00:30.114,00:00:30.247,-1,0,"<1></c><3>ふらふらなあしど</c><2>りでよわよわしく</c><1></c>"
00:00:30.114,00:00:30.247,-1,0,"<1></c><3>ふらふらなあしど</c><2>りでよわよわしく</c><1></c>"
00:00:30.114,00:00:30.247,-1,-1,"<1></c><3>フラフラな足取</c><2>りで弱々しく</c><1></c>"
00:00:30.114,00:00:30.247,-1,-1,"<1></c><3>フラフラな足取</c><2>りで弱々しく</c><1></c>"
00:00:30.247,00:00:30.347,-1,0,"<1></c><3>ふらふらなあしどり</c><2>でよわよわしく</c><1></c>"
00:00:30.247,00:00:30.347,-1,0,"<1></c><3>ふらふらなあしどり</c><2>でよわよわしく</c><1></c>"
00:00:30.247,00:00:30.347,-1,-1,"<1></c><3>フラフラな足取り</c><2>で弱々しく</c><1></c>"
00:00:30.247,00:00:30.347,-1,-1,"<1></c><3>フラフラな足取り</c><2>で弱々しく</c><1></c>"
00:00:30.347,00:00:30.447,-1,0,"<1></c><3>ふらふらなあしどりで</c><2>よわよわしく</c><1></c>"
00:00:30.347,00:00:30.447,-1,0,"<1></c><3>ふらふらなあしどりで</c><2>よわよわしく</c><1></c>"
00:00:30.347,00:00:30.447,-1,-1,"<1></c><3>フラフラな足取りで</c><2>弱々しく</c><1></c>"
00:00:30.347,00:00:30.447,-1,-1,"<1></c><3>フラフラな足取りで</c><2>弱々しく</c><1></c>"
00:00:30.447,00:00:30.781,-1,0,"<1></c><3>ふらふらなあしどりでよ</c><2>わよわしく</c><1></c>"
00:00:30.447,00:00:30.781,-1,0,"<1></c><3>ふらふらなあしどりでよ</c><2>わよわしく</c><1></c>"
00:00:30.447,00:00:30.781,-1,-1,"<1></c><3>フラフラな足取りで弱</c><2>々しく</c><1></c>"
00:00:30.447,00:00:30.781,-1,-1,"<1></c><3>フラフラな足取りで弱</c><2>々しく</c><1></c>"
00:00:30.781,00:00:31.015,-1,0,"<1></c><3>ふらふらなあしどりでよわ</c><2>よわしく</c><1></c>"
00:00:30.781,00:00:31.015,-1,0,"<1></c><3>ふらふらなあしどりでよわ</c><2>よわしく</c><1></c>"
00:00:30.781,00:00:31.015,-1,-1,"<1></c><3>フラフラな足取りで弱</c><2>々しく</c><1></c>"
00:00:30.781,00:00:31.015,-1,-1,"<1></c><3>フラフラな足取りで弱</c><2>々しく</c><1></c>"
00:00:31.015,00:00:31.115,-1,0,"<1></c><3>ふらふらなあしどりでよわよ</c><2>わしく</c><1></c>"
00:00:31.015,00:00:31.115,-1,0,"<1></c><3>ふらふらなあしどりでよわよ</c><2>わしく</c><1></c>"
00:00:31.015,00:00:31.115,-1,-1,"<1></c><3>フラフラな足取りで弱々</c><2>しく</c><1></c>"
00:00:31.015,00:00:31.115,-1,-1,"<1></c><3>フラフラな足取りで弱々</c><2>しく</c><1></c>"
00:00:31.115,00:00:31.248,-1,0,"<1></c><3>ふらふらなあしどりでよわよわ</c><2>しく</c><1></c>"
00:00:31.115,00:00:31.248,-1,0,"<1></c><3>ふらふらなあしどりでよわよわ</c><2>しく</c><1></c>"
00:00:31.115,00:00:31.248,-1,-1,"<1></c><3>フラフラな足取りで弱々</c><2>しく</c><1></c>"
00:00:31.115,00:00:31.248,-1,-1,"<1></c><3>フラフラな足取りで弱々</c><2>しく</c><1></c>"
00:00:31.248,00:00:31.348,-1,0,"<1></c><3>ふらふらなあしどりでよわよわし</c><2>く</c><1></c>"
00:00:31.248,00:00:31.348,-1,0,"<1></c><3>ふらふらなあしどりでよわよわし</c><2>く</c><1></c>"
00:00:31.248,00:00:31.348,-1,-1,"<1></c><3>フラフラな足取りで弱々し</c><2>く</c><1></c>"
00:00:31.248,00:00:31.348,-1,-1,"<1></c><3>フラフラな足取りで弱々し</c><2>く</c><1></c>"
00:00:31.348,00:00:32.316,-1,0,"<1></c><3>ふらふらなあしどりでよわよわしく</c><1></c>"
00:00:31.348,00:00:32.316,-1,0,"<1></c><3>ふらふらなあしどりでよわよわしく</c><1></c>"
00:00:31.348,00:00:32.316,-1,-1,"<1></c><3>フラフラな足取りで弱々しく</c><1></c>"
00:00:31.348,00:00:32.316,-1,-1,"<1></c><3>フラフラな足取りで弱々しく</c><1></c>"
00:00:32.316,00:00:32.449,-1,0,"<1></c><3>こ</c><2>えもふるえてうまくなけない</c><1></c>"
00:00:32.316,00:00:32.449,-1,0,"<1></c><3>こ</c><2>えもふるえてうまくなけない</c><1></c>"
00:00:32.316,00:00:32.449,-1,-1,"<1></c><3>声</c><2>も震えて上手く鳴けない</c><1></c>"
00:00:32.316,00:00:32.449,-1,-1,"<1></c><3>声</c><2>も震えて上手く鳴けない</c><1></c>"
00:00:32.449,00:00:32.549,-1,0,"<1></c><3>こえ</c><2>もふるえてうまくなけない</c><1></c>"
00:00:32.449,00:00:32.549,-1,0,"<1></c><3>こえ</c><2>もふるえてうまくなけない</c><1></c>"
00:00:32.449,00:00:32.549,-1,-1,"<1></c><3>声</c><2>も震えて上手く鳴けない</c><1></c>"
00:00:32.449,00:00:32.549,-1,-1,"<1></c><3>声</c><2>も震えて上手く鳴けない</c><1></c>"
00:00:32.549,00:00:32.750,-1,0,"<1></c><3>こえも</c><2>ふるえてうまくなけない</c><1></c>"
00:00:32.549,00:00:32.750,-1,0,"<1></c><3>こえも</c><2>ふるえてうまくなけない</c><1></c>"
00:00:32.549,00:00:32.750,-1,-1,"<1></c><3>声も</c><2>震えて上手く鳴けない</c><1></c>"
00:00:32.549,00:00:32.750,-1,-1,"<1></c><3>声も</c><2>震えて上手く鳴けない</c><1></c>"
00:00:32.750,00:00:32.983,-1,0,"<1></c><3>こえもふ</c><2>るえてうまくなけない</c><1></c>"
00:00:32.750,00:00:32.983,-1,0,"<1></c><3>こえもふ</c><2>るえてうまくなけない</c><1></c>"
00:00:32.750,00:00:32.983,-1,-1,"<1></c><3>声も震</c><2>えて上手く鳴けない</c><1></c>"
00:00:32.750,00:00:32.983,-1,-1,"<1></c><3>声も震</c><2>えて上手く鳴けない</c><1></c>"
00:00:32.983,00:00:33.083,-1,0,"<1></c><3>こえもふる</c><2>えてうまくなけない</c><1></c>"
00:00:32.983,00:00:33.083,-1,0,"<1></c><3>こえもふる</c><2>えてうまくなけない</c><1></c>"
00:00:32.983,00:00:33.083,-1,-1,"<1></c><3>声も震</c><2>えて上手く鳴けない</c><1></c>"
00:00:32.983,00:00:33.083,-1,-1,"<1></c><3>声も震</c><2>えて上手く鳴けない</c><1></c>"
00:00:33.083,00:00:33.384,-1,0,"<1></c><3>こえもふるえ</c><2>てうまくなけない</c><1></c>"
00:00:33.083,00:00:33.384,-1,0,"<1></c><3>こえもふるえ</c><2>てうまくなけない</c><1></c>"
00:00:33.083,00:00:33.384,-1,-1,"<1></c><3>声も震え</c><2>て上手く鳴けない</c><1></c>"
00:00:33.083,00:00:33.384,-1,-1,"<1></c><3>声も震え</c><2>て上手く鳴けない</c><1></c>"
00:00:33.384,00:00:33.617,-1,0,"<1></c><3>こえもふるえて</c><2>うまくなけない</c><1></c>"
00:00:33.384,00:00:33.617,-1,0,"<1></c><3>こえもふるえて</c><2>うまくなけない</c><1></c>"
00:00:33.384,00:00:33.617,-1,-1,"<1></c><3>声も震えて</c><2>上手く鳴けない</c><1></c>"
00:00:33.384,00:00:33.617,-1,-1,"<1></c><3>声も震えて</c><2>上手く鳴けない</c><1></c>"
00:00:33.617,00:00:33.851,-1,0,"<1></c><3>こえもふるえてう</c><2>まくなけない</c><1></c>"
00:00:33.617,00:00:33.851,-1,0,"<1></c><3>こえもふるえてう</c><2>まくなけない</c><1></c>"
00:00:33.617,00:00:33.851,-1,-1,"<1></c><3>声も震えて上</c><2>手く鳴けない</c><1></c>"
00:00:33.617,00:00:33.851,-1,-1,"<1></c><3>声も震えて上</c><2>手く鳴けない</c><1></c>"
00:00:33.851,00:00:33.951,-1,0,"<1></c><3>こえもふるえてうま</c><2>くなけない</c><1></c>"
00:00:33.851,00:00:33.951,-1,0,"<1></c><3>こえもふるえてうま</c><2>くなけない</c><1></c>"
00:00:33.851,00:00:33.951,-1,-1,"<1></c><3>声も震えて上手</c><2>く鳴けない</c><1></c>"
00:00:33.851,00:00:33.951,-1,-1,"<1></c><3>声も震えて上手</c><2>く鳴けない</c><1></c>"
00:00:33.951,00:00:34.284,-1,0,"<1></c><3>こえもふるえてうまく</c><2>なけない</c><1></c>"
00:00:33.951,00:00:34.284,-1,0,"<1></c><3>こえもふるえてうまく</c><2>なけない</c><1></c>"
00:00:33.951,00:00:34.284,-1,-1,"<1></c><3>声も震えて上手く</c><2>鳴けない</c><1></c>"
00:00:33.951,00:00:34.284,-1,-1,"<1></c><3>声も震えて上手く</c><2>鳴けない</c><1></c>"
00:00:34.284,00:00:34.485,-1,0,"<1></c><3>こえもふるえてうまくな</c><2>けない</c><1></c>"
00:00:34.284,00:00:34.485,-1,0,"<1></c><3>こえもふるえてうまくな</c><2>けない</c><1></c>"
00:00:34.284,00:00:34.485,-1,-1,"<1></c><3>声も震えて上手く鳴</c><2>けない</c><1></c>"
00:00:34.284,00:00:34.485,-1,-1,"<1></c><3>声も震えて上手く鳴</c><2>けない</c><1></c>"
00:00:34.485,00:00:34.685,-1,0,"<1></c><3>こえもふるえてうまくなけ</c><2>ない</c><1></c>"
00:00:34.485,00:00:34.685,-1,0,"<1></c><3>こえもふるえてうまくなけ</c><2>ない</c><1></c>"
00:00:34.485,00:00:34.685,-1,-1,"<1></c><3>声も震えて上手く鳴け</c><2>ない</c><1></c>"
00:00:34.485,00:00:34.685,-1,-1,"<1></c><3>声も震えて上手く鳴け</c><2>ない</c><1></c>"
00:00:34.685,00:00:34.818,-1,0,"<1></c><3>こえもふるえてうまくなけな</c><2>い</c><1></c>"
00:00:34.685,00:00:34.818,-1,0,"<1></c><3>こえもふるえてうまくなけな</c><2>い</c><1></c>"
00:00:34.685,00:00:34.818,-1,-1,"<1></c><3>声も震えて上手く鳴けな</c><2>い</c><1></c>"
00:00:34.685,00:00:34.818,-1,-1,"<1></c><3>声も震えて上手く鳴けな</c><2>い</c><1></c>"
00:00:34.818,00:00:35.519,-1,0,"<1></c><3>こえもふるえてうまくなけない</c><1></c>"
00:00:34.818,00:00:35.519,-1,0,"<1></c><3>こえもふるえてうまくなけない</c><1></c>"
00:00:34.818,00:00:35.519,-1,-1,"<1></c><3>声も震えて上手く鳴けない</c><1></c>"
00:00:34.818,00:00:35.519,-1,-1,"<1></c><3>声も震えて上手く鳴けない</c><1></c>"
00:00:35.519,00:00:35.652,-1,0,"<1></c><3>そ</c><2>んなじぶんがやるせない</c><1></c>"
00:00:35.519,00:00:35.652,-1,0,"<1></c><3>そ</c><2>んなじぶんがやるせない</c><1></c>"
00:00:35.519,00:00:35.652,-1,-1,"<1></c><3>そ</c><2>んな自分がやるせない</c><1></c>"
00:00:35.519,00:00:35.652,-1,-1,"<1></c><3>そ</c><2>んな自分がやるせない</c><1></c>"
00:00:35.652,00:00:35.786,-1,0,"<1></c><3>そん</c><2>なじぶんがやるせない</c><1></c>"
00:00:35.652,00:00:35.786,-1,0,"<1></c><3>そん</c><2>なじぶんがやるせない</c><1></c>"
00:00:35.652,00:00:35.786,-1,-1,"<1></c><3>そん</c><2>な自分がやるせない</c><1></c>"
00:00:35.652,00:00:35.786,-1,-1,"<1></c><3>そん</c><2>な自分がやるせない</c><1></c>"
00:00:35.786,00:00:36.220,-1,0,"<1></c><3>そんな</c><2>じぶんがやるせない</c><1></c>"
00:00:35.786,00:00:36.220,-1,0,"<1></c><3>そんな</c><2>じぶんがやるせない</c><1></c>"
00:00:35.786,00:00:36.220,-1,-1,"<1></c><3>そんな</c><2>自分がやるせない</c><1></c>"
00:00:35.786,00:00:36.220,-1,-1,"<1></c><3>そんな</c><2>自分がやるせない</c><1></c>"
00:00:36.220,00:00:36.420,-1,0,"<1></c><3>そんなじ</c><2>ぶんがやるせない</c><1></c>"
00:00:36.220,00:00:36.420,-1,0,"<1></c><3>そんなじ</c><2>ぶんがやるせない</c><1></c>"
00:00:36.220,00:00:36.420,-1,-1,"<1></c><3>そんな自</c><2>分がやるせない</c><1></c>"
00:00:36.220,00:00:36.420,-1,-1,"<1></c><3>そんな自</c><2>分がやるせない</c><1></c>"
00:00:36.420,00:00:36.520,-1,0,"<1></c><3>そんなじぶ</c><2>んがやるせない</c><1></c>"
00:00:36.420,00:00:36.520,-1,0,"<1></c><3>そんなじぶ</c><2>んがやるせない</c><1></c>"
00:00:36.420,00:00:36.520,-1,-1,"<1></c><3>そんな自分</c><2>がやるせない</c><1></c>"
00:00:36.420,00:00:36.520,-1,-1,"<1></c><3>そんな自分</c><2>がやるせない</c><1></c>"
00:00:36.520,00:00:36.854,-1,0,"<1></c><3>そんなじぶん</c><2>がやるせない</c><1></c>"
00:00:36.520,00:00:36.854,-1,0,"<1></c><3>そんなじぶん</c><2>がやるせない</c><1></c>"
00:00:36.520,00:00:36.854,-1,-1,"<1></c><3>そんな自分</c><2>がやるせない</c><1></c>"
00:00:36.520,00:00:36.854,-1,-1,"<1></c><3>そんな自分</c><2>がやるせない</c><1></c>"
00:00:36.854,00:00:37.287,-1,0,"<1></c><3>そんなじぶんが</c><2>やるせない</c><1></c>"
00:00:36.854,00:00:37.287,-1,0,"<1></c><3>そんなじぶんが</c><2>やるせない</c><1></c>"
00:00:36.854,00:00:37.287,-1,-1,"<1></c><3>そんな自分が</c><2>やるせない</c><1></c>"
00:00:36.854,00:00:37.287,-1,-1,"<1></c><3>そんな自分が</c><2>やるせない</c><1></c>"
00:00:37.287,00:00:37.521,-1,0,"<1></c><3>そんなじぶんがや</c><2>るせない</c><1></c>"
00:00:37.287,00:00:37.521,-1,0,"<1></c><3>そんなじぶんがや</c><2>るせない</c><1></c>"
00:00:37.287,00:00:37.521,-1,-1,"<1></c><3>そんな自分がや</c><2>るせない</c><1></c>"
00:00:37.287,00:00:37.521,-1,-1,"<1></c><3>そんな自分がや</c><2>るせない</c><1></c>"
00:00:37.521,00:00:37.755,-1,0,"<1></c><3>そんなじぶんがやる</c><2>せない</c><1></c>"
00:00:37.521,00:00:37.755,-1,0,"<1></c><3>そんなじぶんがやる</c><2>せない</c><1></c>"
00:00:37.521,00:00:37.755,-1,-1,"<1></c><3>そんな自分がやる</c><2>せない</c><1></c>"
00:00:37.521,00:00:37.755,-1,-1,"<1></c><3>そんな自分がやる</c><2>せない</c><1></c>"
00:00:37.755,00:00:37.955,-1,0,"<1></c><3>そんなじぶんがやるせ</c><2>ない</c><1></c>"
00:00:37.755,00:00:37.955,-1,0,"<1></c><3>そんなじぶんがやるせ</c><2>ない</c><1></c>"
00:00:37.755,00:00:37.955,-1,-1,"<1></c><3>そんな自分がやるせ</c><2>ない</c><1></c>"
00:00:37.755,00:00:37.955,-1,-1,"<1></c><3>そんな自分がやるせ</c><2>ない</c><1></c>"
00:00:37.955,00:00:38.155,-1,0,"<1></c><3>そんなじぶんがやるせな</c><2>い</c><1></c>"
00:00:37.955,00:00:38.155,-1,0,"<1></c><3>そんなじぶんがやるせな</c><2>い</c><1></c>"
00:00:37.955,00:00:38.155,-1,-1,"<1></c><3>そんな自分がやるせな</c><2>い</c><1></c>"
00:00:37.955,00:00:38.155,-1,-1,"<1></c><3>そんな自分がやるせな</c><2>い</c><1></c>"
00:00:38.155,00:00:38.822,-1,0,"<1></c><3>そんなじぶんがやるせない</c><1></c>"
00:00:38.155,00:00:38.822,-1,0,"<1></c><3>そんなじぶんがやるせない</c><1></c>"
00:00:38.155,00:00:38.822,-1,-1,"<1></c><3>そんな自分がやるせない</c><1></c>"
00:00:38.155,00:00:38.822,-1,-1,"<1></c><3>そんな自分がやるせない</c><1></c>"
00:00:38.822,00:00:39.089,-1,0,"<1></c><3>じ</c><2>しんそうしつぎみです</c><1></c>"
00:00:38.822,00:00:39.089,-1,0,"<1></c><3>じ</c><2>しんそうしつぎみです</c><1></c>"
00:00:38.822,00:00:39.089,-1,-1,"<1></c><3>自</c><2>信喪失気味です</c><1></c>"
00:00:38.822,00:00:39.089,-1,-1,"<1></c><3>自</c><2>信喪失気味です</c><1></c>"
00:00:39.089,00:00:39.256,-1,0,"<1></c><3>じし</c><2>んそうしつぎみです</c><1></c>"
00:00:39.089,00:00:39.256,-1,0,"<1></c><3>じし</c><2>んそうしつぎみです</c><1></c>"
00:00:39.089,00:00:39.256,-1,-1,"<1></c><3>自信</c><2>喪失気味です</c><1></c>"
00:00:39.089,00:00:39.256,-1,-1,"<1></c><3>自信</c><2>喪失気味です</c><1></c>"
00:00:39.256,00:00:39.690,-1,0,"<1></c><3>じしん</c><2>そうしつぎみです</c><1></c>"
00:00:39.256,00:00:39.690,-1,0,"<1></c><3>じしん</c><2>そうしつぎみです</c><1></c>"
00:00:39.256,00:00:39.690,-1,-1,"<1></c><3>自信</c><2>喪失気味です</c><1></c>"
00:00:39.256,00:00:39.690,-1,-1,"<1></c><3>自信</c><2>喪失気味です</c><1></c>"
00:00:39.690,00:00:39.823,-1,0,"<1></c><3>じしんそ</c><2>うしつぎみです</c><1></c>"
00:00:39.690,00:00:39.823,-1,0,"<1></c><3>じしんそ</c><2>うしつぎみです</c><1></c>"
00:00:39.690,00:00:39.823,-1,-1,"<1></c><3>自信喪</c><2>失気味です</c><1></c>"
00:00:39.690,00:00:39.823,-1,-1,"<1></c><3>自信喪</c><2>失気味です</c><1></c>"
00:00:39.823,00:00:39.923,-1,0,"<1></c><3>じしんそう</c><2>しつぎみです</c><1></c>"
00:00:39.823,00:00:39.923,-1,0,"<1></c><3>じしんそう</c><2>しつぎみです</c><1></c>"
00:00:39.823,00:00:39.923,-1,-1,"<1></c><3>自信喪</c><2>失気味です</c><1></c>"
00:00:39.823,00:00:39.923,-1,-1,"<1></c><3>自信喪</c><2>失気味です</c><1></c>"
00:00:39.923,00:00:40.024,-1,0,"<1></c><3>じしんそうし</c><2>つぎみです</c><1></c>"
00:00:39.923,00:00:40.024,-1,0,"<1></c><3>じしんそうし</c><2>つぎみです</c><1></c>"
00:00:39.923,00:00:40.024,-1,-1,"<1></c><3>自信喪失</c><2>気味です</c><1></c>"
00:00:39.923,00:00:40.024,-1,-1,"<1></c><3>自信喪失</c><2>気味です</c><1></c>"
00:00:40.024,00:00:40.324,-1,0,"<1></c><3>じしんそうしつ</c><2>ぎみです</c><1></c>"
00:00:40.024,00:00:40.324,-1,0,"<1></c><3>じしんそうしつ</c><2>ぎみです</c><1></c>"
00:00:40.024,00:00:40.324,-1,-1,"<1></c><3>自信喪失</c><2>気味です</c><1></c>"
00:00:40.024,00:00:40.324,-1,-1,"<1></c><3>自信喪失</c><2>気味です</c><1></c>"
00:00:40.324,00:00:40.557,-1,0,"<1></c><3>じしんそうしつぎ</c><2>みです</c><1></c>"
00:00:40.324,00:00:40.557,-1,0,"<1></c><3>じしんそうしつぎ</c><2>みです</c><1></c>"
00:00:40.324,00:00:40.557,-1,-1,"<1></c><3>自信喪失気</c><2>味です</c><1></c>"
00:00:40.324,00:00:40.557,-1,-1,"<1></c><3>自信喪失気</c><2>味です</c><1></c>"
00:00:40.557,00:00:40.791,-1,0,"<1></c><3>じしんそうしつぎみ</c><2>です</c><1></c>"
00:00:40.557,00:00:40.791,-1,0,"<1></c><3>じしんそうしつぎみ</c><2>です</c><1></c>"
00:00:40.557,00:00:40.791,-1,-1,"<1></c><3>自信喪失気味</c><2>です</c><1></c>"
00:00:40.557,00:00:40.791,-1,-1,"<1></c><3>自信喪失気味</c><2>です</c><1></c>"
00:00:40.791,00:00:40.891,-1,0,"<1></c><3>じしんそうしつぎみで</c><2>す</c><1></c>"
00:00:40.791,00:00:40.891,-1,0,"<1></c><3>じしんそうしつぎみで</c><2>す</c><1></c>"
00:00:40.791,00:00:40.891,-1,-1,"<1></c><3>自信喪失気味で</c><2>す</c><1></c>"
00:00:40.791,00:00:40.891,-1,-1,"<1></c><3>自信喪失気味で</c><2>す</c><1></c>"
00:00:40.891,00:00:41.892,-1,0,"<1></c><3>じしんそうしつぎみです</c><1></c>"
00:00:40.891,00:00:41.892,-1,0,"<1></c><3>じしんそうしつぎみです</c><1></c>"
00:00:40.891,00:00:41.892,-1,-1,"<1></c><3>自信喪失気味です</c><1></c>"
00:00:40.891,00:00:41.892,-1,-1,"<1></c><3>自信喪失気味です</c><1></c>"
00:00:42.726,00:00:42.926,-1,0,"<1></c><3>で</c><2>もじかんはすすむ</c><1></c>"
00:00:42.726,00:00:42.926,-1,0,"<1></c><3>で</c><2>もじかんはすすむ</c><1></c>"
00:00:42.726,00:00:42.926,-1,-1,"<1></c><3>で</c><2>も時間は進む</c><1></c>"
00:00:42.726,00:00:42.926,-1,-1,"<1></c><3>で</c><2>も時間は進む</c><1></c>"
00:00:42.926,00:00:43.060,-1,0,"<1></c><3>でも</c><2>じかんはすすむ</c><1></c>"
00:00:42.926,00:00:43.060,-1,0,"<1></c><3>でも</c><2>じかんはすすむ</c><1></c>"
00:00:42.926,00:00:43.060,-1,-1,"<1></c><3>でも</c><2>時間は進む</c><1></c>"
00:00:42.926,00:00:43.060,-1,-1,"<1></c><3>でも</c><2>時間は進む</c><1></c>"
00:00:43.060,00:00:43.193,-1,0,"<1></c><3>でもじ</c><2>かんはすすむ</c><1></c>"
00:00:43.060,00:00:43.193,-1,0,"<1></c><3>でもじ</c><2>かんはすすむ</c><1></c>"
00:00:43.060,00:00:43.193,-1,-1,"<1></c><3>でも時</c><2>間は進む</c><1></c>"
00:00:43.060,00:00:43.193,-1,-1,"<1></c><3>でも時</c><2>間は進む</c><1></c>"
00:00:43.193,00:00:43.293,-1,0,"<1></c><3>でもじか</c><2>んはすすむ</c><1></c>"
00:00:43.193,00:00:43.293,-1,0,"<1></c><3>でもじか</c><2>んはすすむ</c><1></c>"
00:00:43.193,00:00:43.293,-1,-1,"<1></c><3>でも時間</c><2>は進む</c><1></c>"
00:00:43.193,00:00:43.293,-1,-1,"<1></c><3>でも時間</c><2>は進む</c><1></c>"
00:00:43.293,00:00:43.394,-1,0,"<1></c><3>でもじかん</c><2>はすすむ</c><1></c>"
00:00:43.293,00:00:43.394,-1,0,"<1></c><3>でもじかん</c><2>はすすむ</c><1></c>"
00:00:43.293,00:00:43.394,-1,-1,"<1></c><3>でも時間</c><2>は進む</c><1></c>"
00:00:43.293,00:00:43.394,-1,-1,"<1></c><3>でも時間</c><2>は進む</c><1></c>"
00:00:43.394,00:00:43.494,-1,0,"<1></c><3>でもじかんは</c><2>すすむ</c><1></c>"
00:00:43.394,00:00:43.494,-1,0,"<1></c><3>でもじかんは</c><2>すすむ</c><1></c>"
00:00:43.394,00:00:43.494,-1,-1,"<1></c><3>でも時間は</c><2>進む</c><1></c>"
00:00:43.394,00:00:43.494,-1,-1,"<1></c><3>でも時間は</c><2>進む</c><1></c>"
00:00:43.494,00:00:43.861,-1,0,"<1></c><3>でもじかんはす</c><2>すむ</c><1></c>"
00:00:43.494,00:00:43.861,-1,0,"<1></c><3>でもじかんはす</c><2>すむ</c><1></c>"
00:00:43.494,00:00:43.861,-1,-1,"<1></c><3>でも時間は進</c><2>む</c><1></c>"
00:00:43.494,00:00:43.861,-1,-1,"<1></c><3>でも時間は進</c><2>む</c><1></c>"
00:00:43.861,00:00:44.028,-1,0,"<1></c><3>でもじかんはすす</c><2>む</c><1></c>"
00:00:43.861,00:00:44.028,-1,0,"<1></c><3>でもじかんはすす</c><2>む</c><1></c>"
00:00:43.861,00:00:44.028,-1,-1,"<1></c><3>でも時間は進</c><2>む</c><1></c>"
00:00:43.861,00:00:44.028,-1,-1,"<1></c><3>でも時間は進</c><2>む</c><1></c>"
00:00:44.028,00:00:44.495,-1,0,"<1></c><3>でもじかんはすすむ</c><1></c>"
00:00:44.028,00:00:44.495,-1,0,"<1></c><3>でもじかんはすすむ</c><1></c>"
00:00:44.028,00:00:44.495,-1,-1,"<1></c><3>でも時間は進む</c><1></c>"
00:00:44.028,00:00:44.495,-1,-1,"<1></c><3>でも時間は進む</c><1></c>"
00:00:44.495,00:00:44.728,-1,0,"<1></c><3>き</c><2>もちばかりあせる</c><1></c>"
00:00:44.495,00:00:44.728,-1,0,"<1></c><3>き</c><2>もちばかりあせる</c><1></c>"
00:00:44.495,00:00:44.728,-1,-1,"<1></c><3>気</c><2>持ちばかり焦る</c><1></c>"
00:00:44.495,00:00:44.728,-1,-1,"<1></c><3>気</c><2>持ちばかり焦る</c><1></c>"
00:00:44.728,00:00:44.828,-1,0,"<1></c><3>きも</c><2>ちばかりあせる</c><1></c>"
00:00:44.728,00:00:44.828,-1,0,"<1></c><3>きも</c><2>ちばかりあせる</c><1></c>"
00:00:44.728,00:00:44.828,-1,-1,"<1></c><3>気持</c><2>ちばかり焦る</c><1></c>"
00:00:44.728,00:00:44.828,-1,-1,"<1></c><3>気持</c><2>ちばかり焦る</c><1></c>"
00:00:44.828,00:00:44.928,-1,0,"<1></c><3>きもち</c><2>ばかりあせる</c><1></c>"
00:00:44.828,00:00:44.928,-1,0,"<1></c><3>きもち</c><2>ばかりあせる</c><1></c>"
00:00:44.828,00:00:44.928,-1,-1,"<1></c><3>気持ち</c><2>ばかり焦る</c><1></c>"
00:00:44.828,00:00:44.928,-1,-1,"<1></c><3>気持ち</c><2>ばかり焦る</c><1></c>"
00:00:44.928,00:00:45.062,-1,0,"<1></c><3>きもちば</c><2>かりあせる</c><1></c>"
00:00:44.928,00:00:45.062,-1,0,"<1></c><3>きもちば</c><2>かりあせる</c><1></c>"
00:00:44.928,00:00:45.062,-1,-1,"<1></c><3>気持ちば</c><2>かり焦る</c><1></c>"
00:00:44.928,00:00:45.062,-1,-1,"<1></c><3>気持ちば</c><2>かり焦る</c><1></c>"
00:00:45.062,00:00:45.162,-1,0,"<1></c><3>きもちばか</c><2>りあせる</c><1></c>"
00:00:45.062,00:00:45.162,-1,0,"<1></c><3>きもちばか</c><2>りあせる</c><1></c>"
00:00:45.062,00:00:45.162,-1,-1,"<1></c><3>気持ちばか</c><2>り焦る</c><1></c>"
00:00:45.062,00:00:45.162,-1,-1,"<1></c><3>気持ちばか</c><2>り焦る</c><1></c>"
00:00:45.162,00:00:45.262,-1,0,"<1></c><3>きもちばかり</c><2>あせる</c><1></c>"
00:00:45.162,00:00:45.262,-1,0,"<1></c><3>きもちばかり</c><2>あせる</c><1></c>"
00:00:45.162,00:00:45.262,-1,-1,"<1></c><3>気持ちばかり</c><2>焦る</c><1></c>"
00:00:45.162,00:00:45.262,-1,-1,"<1></c><3>気持ちばかり</c><2>焦る</c><1></c>"
00:00:45.262,00:00:45.562,-1,0,"<1></c><3>きもちばかりあ</c><2>せる</c><1></c>"
00:00:45.262,00:00:45.562,-1,0,"<1></c><3>きもちばかりあ</c><2>せる</c><1></c>"
00:00:45.262,00:00:45.562,-1,-1,"<1></c><3>気持ちばかり焦</c><2>る</c><1></c>"
00:00:45.262,00:00:45.562,-1,-1,"<1></c><3>気持ちばかり焦</c><2>る</c><1></c>"
00:00:45.562,00:00:45.796,-1,0,"<1></c><3>きもちばかりあせ</c><2>る</c><1></c>"
00:00:45.562,00:00:45.796,-1,0,"<1></c><3>きもちばかりあせ</c><2>る</c><1></c>"
00:00:45.562,00:00:45.796,-1,-1,"<1></c><3>気持ちばかり焦</c><2>る</c><1></c>"
00:00:45.562,00:00:45.796,-1,-1,"<1></c><3>気持ちばかり焦</c><2>る</c><1></c>"
00:00:45.796,00:00:46.196,-1,0,"<1></c><3>きもちばかりあせる</c><1></c>"
00:00:45.796,00:00:46.196,-1,0,"<1></c><3>きもちばかりあせる</c><1></c>"
00:00:45.796,00:00:46.196,-1,-1,"<1></c><3>気持ちばかり焦る</c><1></c>"
00:00:45.796,00:00:46.196,-1,-1,"<1></c><3>気持ちばかり焦る</c><1></c>"
00:00:46.196,00:00:46.497,58,0,"<1></c><3>「ゆ</c><2>っくりでいいからないてちゃだめだよ」</c><1></c>"
00:00:46.196,00:00:46.497,58,0,"<1></c><3>「ゆ</c><2>っくりでいいからないてちゃだめだよ」</c><1></c>"
00:00:46.196,00:00:46.497,-1,-1,"<1></c><3>「ゆ</c><2>っくりでいいから泣いてちゃだめだよ」</c><1></c>"
00:00:46.196,00:00:46.497,-1,-1,"<1></c><3>「ゆ</c><2>っくりでいいから泣いてちゃだめだよ」</c><1></c>"
00:00:46.497,00:00:46.630,58,0,"<1></c><3>「ゆっ</c><2>くりでいいからないてちゃだめだよ」</c><1></c>"
00:00:46.497,00:00:46.630,58,0,"<1></c><3>「ゆっ</c><2>くりでいいからないてちゃだめだよ」</c><1></c>"
00:00:46.497,00:00:46.630,-1,-1,"<1></c><3>「ゆっ</c><2>くりでいいから泣いてちゃだめだよ」</c><1></c>"
00:00:46.497,00:00:46.630,-1,-1,"<1></c><3>「ゆっ</c><2>くりでいいから泣いてちゃだめだよ」</c><1></c>"
00:00:46.630,00:00:46.764,58,0,"<1></c><3>「ゆっく</c><2>りでいいからないてちゃだめだよ」</c><1></c>"
00:00:46.630,00:00:46.764,58,0,"<1></c><3>「ゆっく</c><2>りでいいからないてちゃだめだよ」</c><1></c>"
00:00:46.630,00:00:46.764,-1,-1,"<1></c><3>「ゆっく</c><2>りでいいから泣いてちゃだめだよ」</c><1></c>"
00:00:46.630,00:00:46.764,-1,-1,"<1></c><3>「ゆっく</c><2>りでいいから泣いてちゃだめだよ」</c><1></c>"
00:00:46.764,00:00:46.864,58,0,"<1></c><3>「ゆっくり</c><2>でいいからないてちゃだめだよ」</c><1></c>"
00:00:46.764,00:00:46.864,58,0,"<1></c><3>「ゆっくり</c><2>でいいからないてちゃだめだよ」</c><1></c>"
00:00:46.764,00:00:46.864,-1,-1,"<1></c><3>「ゆっくり</c><2>でいいから泣いてちゃだめだよ」</c><1></c>"
00:00:46.764,00:00:46.864,-1,-1,"<1></c><3>「ゆっくり</c><2>でいいから泣いてちゃだめだよ」</c><1></c>"
00:00:46.864,00:00:46.964,58,0,"<1></c><3>「ゆっくりで</c><2>いいからないてちゃだめだよ」</c><1></c>"
00:00:46.864,00:00:46.964,58,0,"<1></c><3>「ゆっくりで</c><2>いいからないてちゃだめだよ」</c><1></c>"
00:00:46.864,00:00:46.964,-1,-1,"<1></c><3>「ゆっくりで</c><2>いいから泣いてちゃだめだよ」</c><1></c>"
00:00:46.864,00:00:46.964,-1,-1,"<1></c><3>「ゆっくりで</c><2>いいから泣いてちゃだめだよ」</c><1></c>"
00:00:46.964,00:00:47.064,58,0,"<1></c><3>「ゆっくりでい</c><2>いからないてちゃだめだよ」</c><1></c>"
00:00:46.964,00:00:47.064,58,0,"<1></c><3>「ゆっくりでい</c><2>いからないてちゃだめだよ」</c><1></c>"
00:00:46.964,00:00:47.064,-1,-1,"<1></c><3>「ゆっくりでい</c><2>いから泣いてちゃだめだよ」</c><1></c>"
00:00:46.964,00:00:47.064,-1,-1,"<1></c><3>「ゆっくりでい</c><2>いから泣いてちゃだめだよ」</c><1></c>"
00:00:47.064,00:00:47.297,58,0,"<1></c><3>「ゆっくりでいい</c><2>からないてちゃだめだよ」</c><1></c>"
00:00:47.064,00:00:47.297,58,0,"<1></c><3>「ゆっくりでいい</c><2>からないてちゃだめだよ」</c><1></c>"
00:00:47.064,00:00:47.297,-1,-1,"<1></c><3>「ゆっくりでいい</c><2>から泣いてちゃだめだよ」</c><1></c>"
00:00:47.064,00:00:47.297,-1,-1,"<1></c><3>「ゆっくりでいい</c><2>から泣いてちゃだめだよ」</c><1></c>"
00:00:47.297,00:00:47.498,58,0,"<1></c><3>「ゆっくりでいいか</c><2>らないてちゃだめだよ」</c><1></c>"
00:00:47.297,00:00:47.498,58,0,"<1></c><3>「ゆっくりでいいか</c><2>らないてちゃだめだよ」</c><1></c>"
00:00:47.297,00:00:47.498,-1,-1,"<1></c><3>「ゆっくりでいいか</c><2>ら泣いてちゃだめだよ」</c><1></c>"
00:00:47.297,00:00:47.498,-1,-1,"<1></c><3>「ゆっくりでいいか</c><2>ら泣いてちゃだめだよ」</c><1></c>"
00:00:47.498,00:00:47.931,58,0,"<1></c><3>「ゆっくりでいいから</c><2>ないてちゃだめだよ」</c><1></c>"
00:00:47.498,00:00:47.931,58,0,"<1></c><3>「ゆっくりでいいから</c><2>ないてちゃだめだよ」</c><1></c>"
00:00:47.498,00:00:47.931,-1,-1,"<1></c><3>「ゆっくりでいいから</c><2>泣いてちゃだめだよ」</c><1></c>"
00:00:47.498,00:00:47.931,-1,-1,"<1></c><3>「ゆっくりでいいから</c><2>泣いてちゃだめだよ」</c><1></c>"
00:00:47.931,00:00:48.198,58,0,"<1></c><3>「ゆっくりでいいからな</c><2>いてちゃだめだよ」</c><1></c>"
00:00:47.931,00:00:48.198,58,0,"<1></c><3>「ゆっくりでいいからな</c><2>いてちゃだめだよ」</c><1></c>"
00:00:47.931,00:00:48.198,-1,-1,"<1></c><3>「ゆっくりでいいから泣</c><2>いてちゃだめだよ」</c><1></c>"
00:00:47.931,00:00:48.198,-1,-1,"<1></c><3>「ゆっくりでいいから泣</c><2>いてちゃだめだよ」</c><1></c>"
00:00:48.198,00:00:48.365,58,0,"<1></c><3>「ゆっくりでいいからない</c><2>てちゃだめだよ」</c><1></c>"
00:00:48.198,00:00:48.365,58,0,"<1></c><3>「ゆっくりでいいからない</c><2>てちゃだめだよ」</c><1></c>"
00:00:48.198,00:00:48.365,-1,-1,"<1></c><3>「ゆっくりでいいから泣い</c><2>てちゃだめだよ」</c><1></c>"
00:00:48.198,00:00:48.365,-1,-1,"<1></c><3>「ゆっくりでいいから泣い</c><2>てちゃだめだよ」</c><1></c>"
00:00:48.365,00:00:48.499,58,0,"<1></c><3>「ゆっくりでいいからないて</c><2>ちゃだめだよ」</c><1></c>"
00:00:48.365,00:00:48.499,58,0,"<1></c><3>「ゆっくりでいいからないて</c><2>ちゃだめだよ」</c><1></c>"
00:00:48.365,00:00:48.499,-1,-1,"<1></c><3>「ゆっくりでいいから泣いて</c><2>ちゃだめだよ」</c><1></c>"
00:00:48.365,00:00:48.499,-1,-1,"<1></c><3>「ゆっくりでいいから泣いて</c><2>ちゃだめだよ」</c><1></c>"
00:00:48.499,00:00:48.599,58,0,"<1></c><3>「ゆっくりでいいからないてちゃ</c><2>だめだよ」</c><1></c>"
00:00:48.499,00:00:48.599,58,0,"<1></c><3>「ゆっくりでいいからないてちゃ</c><2>だめだよ」</c><1></c>"
00:00:48.499,00:00:48.599,-1,-1,"<1></c><3>「ゆっくりでいいから泣いてちゃ</c><2>だめだよ」</c><1></c>"
00:00:48.499,00:00:48.599,-1,-1,"<1></c><3>「ゆっくりでいいから泣いてちゃ</c><2>だめだよ」</c><1></c>"
00:00:48.599,00:00:48.732,58,0,"<1></c><3>「ゆっくりでいいからないてちゃだ</c><2>めだよ」</c><1></c>"
00:00:48.599,00:00:48.732,58,0,"<1></c><3>「ゆっくりでいいからないてちゃだ</c><2>めだよ」</c><1></c>"
00:00:48.599,00:00:48.732,-1,-1,"<1></c><3>「ゆっくりでいいから泣いてちゃだ</c><2>めだよ」</c><1></c>"
00:00:48.599,00:00:48.732,-1,-1,"<1></c><3>「ゆっくりでいいから泣いてちゃだ</c><2>めだよ」</c><1></c>"
00:00:48.732,00:00:49.033,58,0,"<1></c><3>「ゆっくりでいいからないてちゃだめ</c><2>だよ」</c><1></c>"
00:00:48.732,00:00:49.033,58,0,"<1></c><3>「ゆっくりでいいからないてちゃだめ</c><2>だよ」</c><1></c>"
00:00:48.732,00:00:49.033,-1,-1,"<1></c><3>「ゆっくりでいいから泣いてちゃだめ</c><2>だよ」</c><1></c>"
00:00:48.732,00:00:49.033,-1,-1,"<1></c><3>「ゆっくりでいいから泣いてちゃだめ</c><2>だよ」</c><1></c>"
00:00:49.033,00:00:49.233,58,0,"<1></c><3>「ゆっくりでいいからないてちゃだめだ</c><2>よ」</c><1></c>"
00:00:49.033,00:00:49.233,58,0,"<1></c><3>「ゆっくりでいいからないてちゃだめだ</c><2>よ」</c><1></c>"
00:00:49.033,00:00:49.233,-1,-1,"<1></c><3>「ゆっくりでいいから泣いてちゃだめだ</c><2>よ」</c><1></c>"
00:00:49.033,00:00:49.233,-1,-1,"<1></c><3>「ゆっくりでいいから泣いてちゃだめだ</c><2>よ」</c><1></c>"
00:00:49.233,00:00:49.700,58,0,"<1></c><3>「ゆっくりでいいからないてちゃだめだよ」</c><1></c>"
00:00:49.233,00:00:49.700,58,0,"<1></c><3>「ゆっくりでいいからないてちゃだめだよ」</c><1></c>"
00:00:49.233,00:00:49.700,-1,-1,"<1></c><3>「ゆっくりでいいから泣いてちゃだめだよ」</c><1></c>"
00:00:49.233,00:00:49.700,-1,-1,"<1></c><3>「ゆっくりでいいから泣いてちゃだめだよ」</c><1></c>"
00:00:49.700,00:00:49.933,-1,0,"<1></c><3>か</c><2>なえたいみらいへ</c><1></c>"
00:00:49.700,00:00:49.933,-1,0,"<1></c><3>か</c><2>なえたいみらいへ</c><1></c>"
00:00:49.700,00:00:49.933,-1,-1,"<1></c><3>叶</c><2>えたい未来へ</c><1></c>"
00:00:49.700,00:00:49.933,-1,-1,"<1></c><3>叶</c><2>えたい未来へ</c><1></c>"
00:00:49.933,00:00:50.034,-1,0,"<1></c><3>かな</c><2>えたいみらいへ</c><1></c>"
00:00:49.933,00:00:50.034,-1,0,"<1></c><3>かな</c><2>えたいみらいへ</c><1></c>"
00:00:49.933,00:00:50.034,-1,-1,"<1></c><3>叶</c><2>えたい未来へ</c><1></c>"
00:00:49.933,00:00:50.034,-1,-1,"<1></c><3>叶</c><2>えたい未来へ</c><1></c>"
00:00:50.034,00:00:50.134,-1,0,"<1></c><3>かなえ</c><2>たいみらいへ</c><1></c>"
00:00:50.034,00:00:50.134,-1,0,"<1></c><3>かなえ</c><2>たいみらいへ</c><1></c>"
00:00:50.034,00:00:50.134,-1,-1,"<1></c><3>叶え</c><2>たい未来へ</c><1></c>"
00:00:50.034,00:00:50.134,-1,-1,"<1></c><3>叶え</c><2>たい未来へ</c><1></c>"
00:00:50.134,00:00:50.234,-1,0,"<1></c><3>かなえた</c><2>いみらいへ</c><1></c>"
00:00:50.134,00:00:50.234,-1,0,"<1></c><3>かなえた</c><2>いみらいへ</c><1></c>"
00:00:50.134,00:00:50.234,-1,-1,"<1></c><3>叶えた</c><2>い未来へ</c><1></c>"
00:00:50.134,00:00:50.234,-1,-1,"<1></c><3>叶えた</c><2>い未来へ</c><1></c>"
00:00:50.234,00:00:50.334,-1,0,"<1></c><3>かなえたい</c><2>みらいへ</c><1></c>"
00:00:50.234,00:00:50.334,-1,0,"<1></c><3>かなえたい</c><2>みらいへ</c><1></c>"
00:00:50.234,00:00:50.334,-1,-1,"<1></c><3>叶えたい</c><2>未来へ</c><1></c>"
00:00:50.234,00:00:50.334,-1,-1,"<1></c><3>叶えたい</c><2>未来へ</c><1></c>"
00:00:50.334,00:00:50.467,-1,0,"<1></c><3>かなえたいみ</c><2>らいへ</c><1></c>"
00:00:50.334,00:00:50.467,-1,0,"<1></c><3>かなえたいみ</c><2>らいへ</c><1></c>"
00:00:50.334,00:00:50.467,-1,-1,"<1></c><3>叶えたい未</c><2>来へ</c><1></c>"
00:00:50.334,00:00:50.467,-1,-1,"<1></c><3>叶えたい未</c><2>来へ</c><1></c>"
00:00:50.467,00:00:50.768,-1,0,"<1></c><3>かなえたいみら</c><2>いへ</c><1></c>"
00:00:50.467,00:00:50.768,-1,0,"<1></c><3>かなえたいみら</c><2>いへ</c><1></c>"
00:00:50.467,00:00:50.768,-1,-1,"<1></c><3>叶えたい未来</c><2>へ</c><1></c>"
00:00:50.467,00:00:50.768,-1,-1,"<1></c><3>叶えたい未来</c><2>へ</c><1></c>"
00:00:50.768,00:00:51.001,-1,0,"<1></c><3>かなえたいみらい</c><2>へ</c><1></c>"
00:00:50.768,00:00:51.001,-1,0,"<1></c><3>かなえたいみらい</c><2>へ</c><1></c>"
00:00:50.768,00:00:51.001,-1,-1,"<1></c><3>叶えたい未来</c><2>へ</c><1></c>"
00:00:50.768,00:00:51.001,-1,-1,"<1></c><3>叶えたい未来</c><2>へ</c><1></c>"
00:00:51.001,00:00:51.435,-1,0,"<1></c><3>かなえたいみらいへ</c><1></c>"
00:00:51.001,00:00:51.435,-1,0,"<1></c><3>かなえたいみらいへ</c><1></c>"
00:00:51.001,00:00:51.435,-1,-1,"<1></c><3>叶えたい未来へ</c><1></c>"
00:00:51.001,00:00:51.435,-1,-1,"<1></c><3>叶えたい未来へ</c><1></c>"
00:00:51.435,00:00:51.668,-1,0,"<1></c><3>こ</c><2>ころのじゅんびOK？</c><1></c>"
00:00:51.435,00:00:51.668,-1,0,"<1></c><3>こ</c><2>ころのじゅんびOK？</c><1></c>"
00:00:51.435,00:00:51.668,-1,-1,"<1></c><3>心</c><2>の準備OK？</c><1></c>"
00:00:51.435,00:00:51.668,-1,-1,"<1></c><3>心</c><2>の準備OK？</c><1></c>"
00:00:51.668,00:00:51.769,-1,0,"<1></c><3>ここ</c><2>ろのじゅんびOK？</c><1></c>"
00:00:51.668,00:00:51.769,-1,0,"<1></c><3>ここ</c><2>ろのじゅんびOK？</c><1></c>"
00:00:51.668,00:00:51.769,-1,-1,"<1></c><3>心</c><2>の準備OK？</c><1></c>"
00:00:51.668,00:00:51.769,-1,-1,"<1></c><3>心</c><2>の準備OK？</c><1></c>"
00:00:51.769,00:00:51.869,-1,0,"<1></c><3>こころ</c><2>のじゅんびOK？</c><1></c>"
00:00:51.769,00:00:51.869,-1,0,"<1></c><3>こころ</c><2>のじゅんびOK？</c><1></c>"
00:00:51.769,00:00:51.869,-1,-1,"<1></c><3>心</c><2>の準備OK？</c><1></c>"
00:00:51.769,00:00:51.869,-1,-1,"<1></c><3>心</c><2>の準備OK？</c><1></c>"
00:00:51.869,00:00:51.969,-1,0,"<1></c><3>こころの</c><2>じゅんびOK？</c><1></c>"
00:00:51.869,00:00:51.969,-1,0,"<1></c><3>こころの</c><2>じゅんびOK？</c><1></c>"
00:00:51.869,00:00:51.969,-1,-1,"<1></c><3>心の</c><2>準備OK？</c><1></c>"
00:00:51.869,00:00:51.969,-1,-1,"<1></c><3>心の</c><2>準備OK？</c><1></c>"
00:00:51.969,00:00:52.102,-1,0,"<1></c><3>こころのじゅ</c><2>んびOK？</c><1></c>"
00:00:51.969,00:00:52.102,-1,0,"<1></c><3>こころのじゅ</c><2>んびOK？</c><1></c>"
00:00:51.969,00:00:52.102,-1,-1,"<1></c><3>心の準</c><2>備OK？</c><1></c>"
00:00:51.969,00:00:52.102,-1,-1,"<1></c><3>心の準</c><2>備OK？</c><1></c>"
00:00:52.102,00:00:52.202,-1,0,"<1></c><3>こころのじゅん</c><2>びOK？</c><1></c>"
00:00:52.102,00:00:52.202,-1,0,"<1></c><3>こころのじゅん</c><2>びOK？</c><1></c>"
00:00:52.102,00:00:52.202,-1,-1,"<1></c><3>心の準</c><2>備OK？</c><1></c>"
00:00:52.102,00:00:52.202,-1,-1,"<1></c><3>心の準</c><2>備OK？</c><1></c>"
00:00:52.202,00:00:52.503,-1,0,"<1></c><3>こころのじゅんび</c><2>OK？</c><1></c>"
00:00:52.202,00:00:52.503,-1,0,"<1></c><3>こころのじゅんび</c><2>OK？</c><1></c>"
00:00:52.202,00:00:52.503,-1,-1,"<1></c><3>心の準備</c><2>OK？</c><1></c>"
00:00:52.202,00:00:52.503,-1,-1,"<1></c><3>心の準備</c><2>OK？</c><1></c>"
00:00:52.503,00:00:52.736,-1,0,"<1></c><3>こころのじゅんびO</c><2>K？</c><1></c>"
00:00:52.503,00:00:52.736,-1,0,"<1></c><3>こころのじゅんびO</c><2>K？</c><1></c>"
00:00:52.503,00:00:52.736,-1,-1,"<1></c><3>心の準備O</c><2>K？</c><1></c>"
00:00:52.503,00:00:52.736,-1,-1,"<1></c><3>心の準備O</c><2>K？</c><1></c>"
00:00:52.736,00:00:53.170,-1,0,"<1></c><3>こころのじゅんびOK？</c><1></c>"
00:00:52.736,00:00:53.170,-1,0,"<1></c><3>こころのじゅんびOK？</c><1></c>"
00:00:52.736,00:00:53.170,-1,-1,"<1></c><3>心の準備OK？</c><1></c>"
00:00:52.736,00:00:53.170,-1,-1,"<1></c><3>心の準備OK？</c><1></c>"
00:00:53.170,00:00:53.270,-1,0,"<1></c><3>さ</c><2>あ、いっぽふみだして</c><1></c>"
00:00:53.170,00:00:53.270,-1,0,"<1></c><3>さ</c><2>あ、いっぽふみだして</c><1></c>"
00:00:53.170,00:00:53.270,-1,-1,"<1></c><3>さ</c><2>あ、一歩踏み出して</c><1></c>"
00:00:53.170,00:00:53.270,-1,-1,"<1></c><3>さ</c><2>あ、一歩踏み出して</c><1></c>"
00:00:53.270,00:00:53.370,-1,0,"<1></c><3>さあ、</c><2>いっぽふみだして</c><1></c>"
00:00:53.270,00:00:53.370,-1,0,"<1></c><3>さあ、</c><2>いっぽふみだして</c><1></c>"
00:00:53.270,00:00:53.370,-1,-1,"<1></c><3>さあ、</c><2>一歩踏み出して</c><1></c>"
00:00:53.270,00:00:53.370,-1,-1,"<1></c><3>さあ、</c><2>一歩踏み出して</c><1></c>"
00:00:53.370,00:00:53.504,-1,0,"<1></c><3>さあ、い</c><2>っぽふみだして</c><1></c>"
00:00:53.370,00:00:53.504,-1,0,"<1></c><3>さあ、い</c><2>っぽふみだして</c><1></c>"
00:00:53.370,00:00:53.504,-1,-1,"<1></c><3>さあ、一</c><2>歩踏み出して</c><1></c>"
00:00:53.370,00:00:53.504,-1,-1,"<1></c><3>さあ、一</c><2>歩踏み出して</c><1></c>"
00:00:53.504,00:00:53.604,-1,0,"<1></c><3>さあ、いっ</c><2>ぽふみだして</c><1></c>"
00:00:53.504,00:00:53.604,-1,0,"<1></c><3>さあ、いっ</c><2>ぽふみだして</c><1></c>"
00:00:53.504,00:00:53.604,-1,-1,"<1></c><3>さあ、一</c><2>歩踏み出して</c><1></c>"
00:00:53.504,00:00:53.604,-1,-1,"<1></c><3>さあ、一</c><2>歩踏み出して</c><1></c>"
00:00:53.604,00:00:53.737,-1,0,"<1></c><3>さあ、いっぽ</c><2>ふみだして</c><1></c>"
00:00:53.604,00:00:53.737,-1,0,"<1></c><3>さあ、いっぽ</c><2>ふみだして</c><1></c>"
00:00:53.604,00:00:53.737,-1,-1,"<1></c><3>さあ、一歩</c><2>踏み出して</c><1></c>"
00:00:53.604,00:00:53.737,-1,-1,"<1></c><3>さあ、一歩</c><2>踏み出して</c><1></c>"
00:00:53.737,00:00:53.837,-1,0,"<1></c><3>さあ、いっぽふ</c><2>みだして</c><1></c>"
00:00:53.737,00:00:53.837,-1,0,"<1></c><3>さあ、いっぽふ</c><2>みだして</c><1></c>"
00:00:53.737,00:00:53.837,-1,-1,"<1></c><3>さあ、一歩踏</c><2>み出して</c><1></c>"
00:00:53.737,00:00:53.837,-1,-1,"<1></c><3>さあ、一歩踏</c><2>み出して</c><1></c>"
00:00:53.837,00:00:53.937,-1,0,"<1></c><3>さあ、いっぽふみ</c><2>だして</c><1></c>"
00:00:53.837,00:00:53.937,-1,0,"<1></c><3>さあ、いっぽふみ</c><2>だして</c><1></c>"
00:00:53.837,00:00:53.937,-1,-1,"<1></c><3>さあ、一歩踏み</c><2>出して</c><1></c>"
00:00:53.837,00:00:53.937,-1,-1,"<1></c><3>さあ、一歩踏み</c><2>出して</c><1></c>"
00:00:53.937,00:00:54.271,-1,0,"<1></c><3>さあ、いっぽふみだ</c><2>して</c><1></c>"
00:00:53.937,00:00:54.271,-1,0,"<1></c><3>さあ、いっぽふみだ</c><2>して</c><1></c>"
00:00:53.937,00:00:54.271,-1,-1,"<1></c><3>さあ、一歩踏み出</c><2>して</c><1></c>"
00:00:53.937,00:00:54.271,-1,-1,"<1></c><3>さあ、一歩踏み出</c><2>して</c><1></c>"
00:00:54.271,00:00:54.471,-1,0,"<1></c><3>さあ、いっぽふみだし</c><2>て</c><1></c>"
00:00:54.271,00:00:54.471,-1,0,"<1></c><3>さあ、いっぽふみだし</c><2>て</c><1></c>"
00:00:54.271,00:00:54.471,-1,-1,"<1></c><3>さあ、一歩踏み出し</c><2>て</c><1></c>"
00:00:54.271,00:00:54.471,-1,-1,"<1></c><3>さあ、一歩踏み出し</c><2>て</c><1></c>"
00:00:54.471,00:00:54.905,-1,0,"<1></c><3>さあ、いっぽふみだして</c><1></c>"
00:00:54.471,00:00:54.905,-1,0,"<1></c><3>さあ、いっぽふみだして</c><1></c>"
00:00:54.471,00:00:54.905,-1,-1,"<1></c><3>さあ、一歩踏み出して</c><1></c>"
00:00:54.471,00:00:54.905,-1,-1,"<1></c><3>さあ、一歩踏み出して</c><1></c>"
00:00:54.905,00:00:55.239,-1,0,"<1></c><3>1、</c><2>2、3</c><1></c>"
00:00:54.905,00:00:55.239,-1,0,"<1></c><3>1、</c><2>2、3</c><1></c>"
00:00:54.905,00:00:55.239,-1,-1,"<1></c><3>1、</c><2>2、3</c><1></c>"
00:00:54.905,00:00:55.239,-1,-1,"<1></c><3>1、</c><2>2、3</c><1></c>"
00:00:55.239,00:00:55.539,-1,0,"<1></c><3>1、2、</c><2>3</c><1></c>"
00:00:55.239,00:00:55.539,-1,0,"<1></c><3>1、2、</c><2>3</c><1></c>"
00:00:55.239,00:00:55.539,-1,-1,"<1></c><3>1、2、</c><2>3</c><1></c>"
00:00:55.239,00:00:55.539,-1,-1,"<1></c><3>1、2、</c><2>3</c><1></c>"
00:00:55.539,00:00:56.006,-1,0,"<1></c><3>1、2、3</c><1></c>"
00:00:55.539,00:00:56.006,-1,0,"<1></c><3>1、2、3</c><1></c>"
00:00:55.539,00:00:56.006,-1,-1,"<1></c><3>1、2、3</c><1></c>"
00:00:55.539,00:00:56.006,-1,-1,"<1></c><3>1、2、3</c><1></c>"
00:00:56.006,00:00:56.240,56,0,"<1></c><3>ぼ</c><2>くはきみとであってじしんをとりもどして</c><1></c>"
00:00:56.006,00:00:56.240,56,0,"<1></c><3>ぼ</c><2>くはきみとであってじしんをとりもどして</c><1></c>"
00:00:56.006,00:00:56.240,-1,-1,"<1></c><3>僕</c><2>は君と出会って自信を取り戻して</c><1></c>"
00:00:56.006,00:00:56.240,-1,-1,"<1></c><3>僕</c><2>は君と出会って自信を取り戻して</c><1></c>"
00:00:56.240,00:00:56.440,56,0,"<1></c><3>ぼく</c><2>はきみとであってじしんをとりもどして</c><1></c>"
00:00:56.240,00:00:56.440,56,0,"<1></c><3>ぼく</c><2>はきみとであってじしんをとりもどして</c><1></c>"
00:00:56.240,00:00:56.440,-1,-1,"<1></c><3>僕</c><2>は君と出会って自信を取り戻して</c><1></c>"
00:00:56.240,00:00:56.440,-1,-1,"<1></c><3>僕</c><2>は君と出会って自信を取り戻して</c><1></c>"
00:00:56.440,00:00:56.673,56,0,"<1></c><3>ぼくは</c><2>きみとであってじしんをとりもどして</c><1></c>"
00:00:56.440,00:00:56.673,56,0,"<1></c><3>ぼくは</c><2>きみとであってじしんをとりもどして</c><1></c>"
00:00:56.440,00:00:56.673,-1,-1,"<1></c><3>僕は</c><2>君と出会って自信を取り戻して</c><1></c>"
00:00:56.440,00:00:56.673,-1,-1,"<1></c><3>僕は</c><2>君と出会って自信を取り戻して</c><1></c>"
00:00:56.673,00:00:57.041,56,0,"<1></c><3>ぼくはき</c><2>みとであってじしんをとりもどして</c><1></c>"
00:00:56.673,00:00:57.041,56,0,"<1></c><3>ぼくはき</c><2>みとであってじしんをとりもどして</c><1></c>"
00:00:56.673,00:00:57.041,-1,-1,"<1></c><3>僕は君</c><2>と出会って自信を取り戻して</c><1></c>"
00:00:56.673,00:00:57.041,-1,-1,"<1></c><3>僕は君</c><2>と出会って自信を取り戻して</c><1></c>"
00:00:57.041,00:00:57.541,56,0,"<1></c><3>ぼくはきみ</c><2>とであってじしんをとりもどして</c><1></c>"
00:00:57.041,00:00:57.541,56,0,"<1></c><3>ぼくはきみ</c><2>とであってじしんをとりもどして</c><1></c>"
00:00:57.041,00:00:57.541,-1,-1,"<1></c><3>僕は君</c><2>と出会って自信を取り戻して</c><1></c>"
00:00:57.041,00:00:57.541,-1,-1,"<1></c><3>僕は君</c><2>と出会って自信を取り戻して</c><1></c>"
00:00:57.541,00:00:57.975,56,0,"<1></c><3>ぼくはきみと</c><2>であってじしんをとりもどして</c><1></c>"
00:00:57.541,00:00:57.975,56,0,"<1></c><3>ぼくはきみと</c><2>であってじしんをとりもどして</c><1></c>"
00:00:57.541,00:00:57.975,-1,-1,"<1></c><3>僕は君と</c><2>出会って自信を取り戻して</c><1></c>"
00:00:57.541,00:00:57.975,-1,-1,"<1></c><3>僕は君と</c><2>出会って自信を取り戻して</c><1></c>"
00:00:57.975,00:00:58.409,56,0,"<1></c><3>ぼくはきみとで</c><2>あってじしんをとりもどして</c><1></c>"
00:00:57.975,00:00:58.409,56,0,"<1></c><3>ぼくはきみとで</c><2>あってじしんをとりもどして</c><1></c>"
00:00:57.975,00:00:58.409,-1,-1,"<1></c><3>僕は君と出</c><2>会って自信を取り戻して</c><1></c>"
00:00:57.975,00:00:58.409,-1,-1,"<1></c><3>僕は君と出</c><2>会って自信を取り戻して</c><1></c>"
00:00:58.409,00:00:59.043,56,0,"<1></c><3>ぼくはきみとであ</c><2>ってじしんをとりもどして</c><1></c>"
00:00:58.409,00:00:59.043,56,0,"<1></c><3>ぼくはきみとであ</c><2>ってじしんをとりもどして</c><1></c>"
00:00:58.409,00:00:59.043,-1,-1,"<1></c><3>僕は君と出会</c><2>って自信を取り戻して</c><1></c>"
00:00:58.409,00:00:59.043,-1,-1,"<1></c><3>僕は君と出会</c><2>って自信を取り戻して</c><1></c>"
00:00:59.043,00:00:59.276,56,0,"<1></c><3>ぼくはきみとであっ</c><2>てじしんをとりもどして</c><1></c>"
00:00:59.043,00:00:59.276,56,0,"<1></c><3>ぼくはきみとであっ</c><2>てじしんをとりもどして</c><1></c>"
00:00:59.043,00:00:59.276,-1,-1,"<1></c><3>僕は君と出会っ</c><2>て自信を取り戻して</c><1></c>"
00:00:59.043,00:00:59.276,-1,-1,"<1></c><3>僕は君と出会っ</c><2>て自信を取り戻して</c><1></c>"
00:00:59.276,00:00:59.943,56,0,"<1></c><3>ぼくはきみとであって</c><2>じしんをとりもどして</c><1></c>"
00:00:59.276,00:00:59.943,56,0,"<1></c><3>ぼくはきみとであって</c><2>じしんをとりもどして</c><1></c>"
00:00:59.276,00:00:59.943,-1,-1,"<1></c><3>僕は君と出会って</c><2>自信を取り戻して</c><1></c>"
00:00:59.276,00:00:59.943,-1,-1,"<1></c><3>僕は君と出会って</c><2>自信を取り戻して</c><1></c>"
00:00:59.943,00:01:00.144,56,0,"<1></c><3>ぼくはきみとであってじ</c><2>しんをとりもどして</c><1></c>"
00:00:59.943,00:01:00.144,56,0,"<1></c><3>ぼくはきみとであってじ</c><2>しんをとりもどして</c><1></c>"
00:00:59.943,00:01:00.144,-1,-1,"<1></c><3>僕は君と出会って自</c><2>信を取り戻して</c><1></c>"
00:00:59.943,00:01:00.144,-1,-1,"<1></c><3>僕は君と出会って自</c><2>信を取り戻して</c><1></c>"
00:01:00.144,00:01:00.811,56,0,"<1></c><3>ぼくはきみとであってじし</c><2>んをとりもどして</c><1></c>"
00:01:00.144,00:01:00.811,56,0,"<1></c><3>ぼくはきみとであってじし</c><2>んをとりもどして</c><1></c>"
00:01:00.144,00:01:00.811,-1,-1,"<1></c><3>僕は君と出会って自信</c><2>を取り戻して</c><1></c>"
00:01:00.144,00:01:00.811,-1,-1,"<1></c><3>僕は君と出会って自信</c><2>を取り戻して</c><1></c>"
00:01:00.811,00:01:01.011,56,0,"<1></c><3>ぼくはきみとであってじしん</c><2>をとりもどして</c><1></c>"
00:01:00.811,00:01:01.011,56,0,"<1></c><3>ぼくはきみとであってじしん</c><2>をとりもどして</c><1></c>"
00:01:00.811,00:01:01.011,-1,-1,"<1></c><3>僕は君と出会って自信</c><2>を取り戻して</c><1></c>"
00:01:00.811,00:01:01.011,-1,-1,"<1></c><3>僕は君と出会って自信</c><2>を取り戻して</c><1></c>"
00:01:01.011,00:01:01.645,56,0,"<1></c><3>ぼくはきみとであってじしんを</c><2>とりもどして</c><1></c>"
00:01:01.011,00:01:01.645,56,0,"<1></c><3>ぼくはきみとであってじしんを</c><2>とりもどして</c><1></c>"
00:01:01.011,00:01:01.645,-1,-1,"<1></c><3>僕は君と出会って自信を</c><2>取り戻して</c><1></c>"
00:01:01.011,00:01:01.645,-1,-1,"<1></c><3>僕は君と出会って自信を</c><2>取り戻して</c><1></c>"
00:01:01.645,00:01:01.879,56,0,"<1></c><3>ぼくはきみとであってじしんをと</c><2>りもどして</c><1></c>"
00:01:01.645,00:01:01.879,56,0,"<1></c><3>ぼくはきみとであってじしんをと</c><2>りもどして</c><1></c>"
00:01:01.645,00:01:01.879,-1,-1,"<1></c><3>僕は君と出会って自信を取</c><2>り戻して</c><1></c>"
00:01:01.645,00:01:01.879,-1,-1,"<1></c><3>僕は君と出会って自信を取</c><2>り戻して</c><1></c>"
00:01:01.879,00:01:02.312,56,0,"<1></c><3>ぼくはきみとであってじしんをとり</c><2>もどして</c><1></c>"
00:01:01.879,00:01:02.312,56,0,"<1></c><3>ぼくはきみとであってじしんをとり</c><2>もどして</c><1></c>"
00:01:01.879,00:01:02.312,-1,-1,"<1></c><3>僕は君と出会って自信を取り</c><2>戻して</c><1></c>"
00:01:01.879,00:01:02.312,-1,-1,"<1></c><3>僕は君と出会って自信を取り</c><2>戻して</c><1></c>"
00:01:02.312,00:01:02.446,56,0,"<1></c><3>ぼくはきみとであってじしんをとりも</c><2>どして</c><1></c>"
00:01:02.312,00:01:02.446,56,0,"<1></c><3>ぼくはきみとであってじしんをとりも</c><2>どして</c><1></c>"
00:01:02.312,00:01:02.446,-1,-1,"<1></c><3>僕は君と出会って自信を取り戻</c><2>して</c><1></c>"
00:01:02.312,00:01:02.446,-1,-1,"<1></c><3>僕は君と出会って自信を取り戻</c><2>して</c><1></c>"
00:01:02.446,00:01:02.579,56,0,"<1></c><3>ぼくはきみとであってじしんをとりもど</c><2>して</c><1></c>"
00:01:02.446,00:01:02.579,56,0,"<1></c><3>ぼくはきみとであってじしんをとりもど</c><2>して</c><1></c>"
00:01:02.446,00:01:02.579,-1,-1,"<1></c><3>僕は君と出会って自信を取り戻</c><2>して</c><1></c>"
00:01:02.446,00:01:02.579,-1,-1,"<1></c><3>僕は君と出会って自信を取り戻</c><2>して</c><1></c>"
00:01:02.579,00:01:02.746,56,0,"<1></c><3>ぼくはきみとであってじしんをとりもどし</c><2>て</c><1></c>"
00:01:02.579,00:01:02.746,56,0,"<1></c><3>ぼくはきみとであってじしんをとりもどし</c><2>て</c><1></c>"
00:01:02.579,00:01:02.746,-1,-1,"<1></c><3>僕は君と出会って自信を取り戻し</c><2>て</c><1></c>"
00:01:02.579,00:01:02.746,-1,-1,"<1></c><3>僕は君と出会って自信を取り戻し</c><2>て</c><1></c>"
00:01:02.746,00:01:03.614,56,0,"<1></c><3>ぼくはきみとであってじしんをとりもどして</c><1></c>"
00:01:02.746,00:01:03.614,56,0,"<1></c><3>ぼくはきみとであってじしんをとりもどして</c><1></c>"
00:01:02.746,00:01:03.614,-1,-1,"<1></c><3>僕は君と出会って自信を取り戻して</c><1></c>"
00:01:02.746,00:01:03.614,-1,-1,"<1></c><3>僕は君と出会って自信を取り戻して</c><1></c>"
00:01:03.614,00:01:04.048,-1,0,"<1></c><3>ゆ</c><2>っくりといまたしかにあゆみだした</c><1></c>"
00:01:03.614,00:01:04.048,-1,0,"<1></c><3>ゆ</c><2>っくりといまたしかにあゆみだした</c><1></c>"
00:01:03.614,00:01:04.048,-1,-1,"<1></c><3>ゆ</c><2>っくりと今確かに歩み出した</c><1></c>"
00:01:03.614,00:01:04.048,-1,-1,"<1></c><3>ゆ</c><2>っくりと今確かに歩み出した</c><1></c>"
00:01:04.048,00:01:04.481,-1,0,"<1></c><3>ゆっ</c><2>くりといまたしかにあゆみだした</c><1></c>"
00:01:04.048,00:01:04.481,-1,0,"<1></c><3>ゆっ</c><2>くりといまたしかにあゆみだした</c><1></c>"
00:01:04.048,00:01:04.481,-1,-1,"<1></c><3>ゆっ</c><2>くりと今確かに歩み出した</c><1></c>"
00:01:04.048,00:01:04.481,-1,-1,"<1></c><3>ゆっ</c><2>くりと今確かに歩み出した</c><1></c>"
00:01:04.481,00:01:04.882,-1,0,"<1></c><3>ゆっく</c><2>りといまたしかにあゆみだした</c><1></c>"
00:01:04.481,00:01:04.882,-1,0,"<1></c><3>ゆっく</c><2>りといまたしかにあゆみだした</c><1></c>"
00:01:04.481,00:01:04.882,-1,-1,"<1></c><3>ゆっく</c><2>りと今確かに歩み出した</c><1></c>"
00:01:04.481,00:01:04.882,-1,-1,"<1></c><3>ゆっく</c><2>りと今確かに歩み出した</c><1></c>"
00:01:04.882,00:01:05.349,-1,0,"<1></c><3>ゆっくり</c><2>といまたしかにあゆみだした</c><1></c>"
00:01:04.882,00:01:05.349,-1,0,"<1></c><3>ゆっくり</c><2>といまたしかにあゆみだした</c><1></c>"
00:01:04.882,00:01:05.349,-1,-1,"<1></c><3>ゆっくり</c><2>と今確かに歩み出した</c><1></c>"
00:01:04.882,00:01:05.349,-1,-1,"<1></c><3>ゆっくり</c><2>と今確かに歩み出した</c><1></c>"
00:01:05.349,00:01:05.983,-1,0,"<1></c><3>ゆっくりと</c><2>いまたしかにあゆみだした</c><1></c>"
00:01:05.349,00:01:05.983,-1,0,"<1></c><3>ゆっくりと</c><2>いまたしかにあゆみだした</c><1></c>"
00:01:05.349,00:01:05.983,-1,-1,"<1></c><3>ゆっくりと</c><2>今確かに歩み出した</c><1></c>"
00:01:05.349,00:01:05.983,-1,-1,"<1></c><3>ゆっくりと</c><2>今確かに歩み出した</c><1></c>"
00:01:05.983,00:01:06.216,-1,0,"<1></c><3>ゆっくりとい</c><2>またしかにあゆみだした</c><1></c>"
00:01:05.983,00:01:06.216,-1,0,"<1></c><3>ゆっくりとい</c><2>またしかにあゆみだした</c><1></c>"
00:01:05.983,00:01:06.216,-1,-1,"<1></c><3>ゆっくりと今</c><2>確かに歩み出した</c><1></c>"
00:01:05.983,00:01:06.216,-1,-1,"<1></c><3>ゆっくりと今</c><2>確かに歩み出した</c><1></c>"
00:01:06.216,00:01:06.850,-1,0,"<1></c><3>ゆっくりといま</c><2>たしかにあゆみだした</c><1></c>"
00:01:06.216,00:01:06.850,-1,0,"<1></c><3>ゆっくりといま</c><2>たしかにあゆみだした</c><1></c>"
00:01:06.216,00:01:06.850,-1,-1,"<1></c><3>ゆっくりと今</c><2>確かに歩み出した</c><1></c>"
00:01:06.216,00:01:06.850,-1,-1,"<1></c><3>ゆっくりと今</c><2>確かに歩み出した</c><1></c>"
00:01:06.850,00:01:07.084,-1,0,"<1></c><3>ゆっくりといまた</c><2>しかにあゆみだした</c><1></c>"
00:01:06.850,00:01:07.084,-1,0,"<1></c><3>ゆっくりといまた</c><2>しかにあゆみだした</c><1></c>"
00:01:06.850,00:01:07.084,-1,-1,"<1></c><3>ゆっくりと今確</c><2>かに歩み出した</c><1></c>"
00:01:06.850,00:01:07.084,-1,-1,"<1></c><3>ゆっくりと今確</c><2>かに歩み出した</c><1></c>"
00:01:07.084,00:01:07.751,-1,0,"<1></c><3>ゆっくりといまたし</c><2>かにあゆみだした</c><1></c>"
00:01:07.084,00:01:07.751,-1,0,"<1></c><3>ゆっくりといまたし</c><2>かにあゆみだした</c><1></c>"
00:01:07.084,00:01:07.751,-1,-1,"<1></c><3>ゆっくりと今確</c><2>かに歩み出した</c><1></c>"
00:01:07.084,00:01:07.751,-1,-1,"<1></c><3>ゆっくりと今確</c><2>かに歩み出した</c><1></c>"
00:01:07.751,00:01:07.951,-1,0,"<1></c><3>ゆっくりといまたしか</c><2>にあゆみだした</c><1></c>"
00:01:07.751,00:01:07.951,-1,0,"<1></c><3>ゆっくりといまたしか</c><2>にあゆみだした</c><1></c>"
00:01:07.751,00:01:07.951,-1,-1,"<1></c><3>ゆっくりと今確か</c><2>に歩み出した</c><1></c>"
00:01:07.751,00:01:07.951,-1,-1,"<1></c><3>ゆっくりと今確か</c><2>に歩み出した</c><1></c>"
00:01:07.951,00:01:08.385,-1,0,"<1></c><3>ゆっくりといまたしかに</c><2>あゆみだした</c><1></c>"
00:01:07.951,00:01:08.385,-1,0,"<1></c><3>ゆっくりといまたしかに</c><2>あゆみだした</c><1></c>"
00:01:07.951,00:01:08.385,-1,-1,"<1></c><3>ゆっくりと今確かに</c><2>歩み出した</c><1></c>"
00:01:07.951,00:01:08.385,-1,-1,"<1></c><3>ゆっくりと今確かに</c><2>歩み出した</c><1></c>"
00:01:08.385,00:01:08.619,-1,0,"<1></c><3>ゆっくりといまたしかにあ</c><2>ゆみだした</c><1></c>"
00:01:08.385,00:01:08.619,-1,0,"<1></c><3>ゆっくりといまたしかにあ</c><2>ゆみだした</c><1></c>"
00:01:08.385,00:01:08.619,-1,-1,"<1></c><3>ゆっくりと今確かに歩</c><2>み出した</c><1></c>"
00:01:08.385,00:01:08.619,-1,-1,"<1></c><3>ゆっくりと今確かに歩</c><2>み出した</c><1></c>"
00:01:08.619,00:01:08.819,-1,0,"<1></c><3>ゆっくりといまたしかにあゆ</c><2>みだした</c><1></c>"
00:01:08.619,00:01:08.819,-1,0,"<1></c><3>ゆっくりといまたしかにあゆ</c><2>みだした</c><1></c>"
00:01:08.619,00:01:08.819,-1,-1,"<1></c><3>ゆっくりと今確かに歩</c><2>み出した</c><1></c>"
00:01:08.619,00:01:08.819,-1,-1,"<1></c><3>ゆっくりと今確かに歩</c><2>み出した</c><1></c>"
00:01:08.819,00:01:09.253,-1,0,"<1></c><3>ゆっくりといまたしかにあゆみ</c><2>だした</c><1></c>"
00:01:08.819,00:01:09.253,-1,0,"<1></c><3>ゆっくりといまたしかにあゆみ</c><2>だした</c><1></c>"
00:01:08.819,00:01:09.253,-1,-1,"<1></c><3>ゆっくりと今確かに歩み</c><2>出した</c><1></c>"
00:01:08.819,00:01:09.253,-1,-1,"<1></c><3>ゆっくりと今確かに歩み</c><2>出した</c><1></c>"
00:01:09.253,00:01:09.486,-1,0,"<1></c><3>ゆっくりといまたしかにあゆみだ</c><2>した</c><1></c>"
00:01:09.253,00:01:09.486,-1,0,"<1></c><3>ゆっくりといまたしかにあゆみだ</c><2>した</c><1></c>"
00:01:09.253,00:01:09.486,-1,-1,"<1></c><3>ゆっくりと今確かに歩み出</c><2>した</c><1></c>"
00:01:09.253,00:01:09.486,-1,-1,"<1></c><3>ゆっくりと今確かに歩み出</c><2>した</c><1></c>"
00:01:09.486,00:01:09.686,-1,0,"<1></c><3>ゆっくりといまたしかにあゆみだし</c><2>た</c><1></c>"
00:01:09.486,00:01:09.686,-1,0,"<1></c><3>ゆっくりといまたしかにあゆみだし</c><2>た</c><1></c>"
00:01:09.486,00:01:09.686,-1,-1,"<1></c><3>ゆっくりと今確かに歩み出し</c><2>た</c><1></c>"
00:01:09.486,00:01:09.686,-1,-1,"<1></c><3>ゆっくりと今確かに歩み出し</c><2>た</c><1></c>"
00:01:09.686,00:01:10.554,-1,0,"<1></c><3>ゆっくりといまたしかにあゆみだした</c><1></c>"
00:01:09.686,00:01:10.554,-1,0,"<1></c><3>ゆっくりといまたしかにあゆみだした</c><1></c>"
00:01:09.686,00:01:10.554,-1,-1,"<1></c><3>ゆっくりと今確かに歩み出した</c><1></c>"
00:01:09.686,00:01:10.554,-1,-1,"<1></c><3>ゆっくりと今確かに歩み出した</c><1></c>"
00:01:10.554,00:01:10.988,-1,0,"<1></c><3>ゆ</c><2>めをみつけていくつもだきかかえて</c><1></c>"
00:01:10.554,00:01:10.988,-1,0,"<1></c><3>ゆ</c><2>めをみつけていくつもだきかかえて</c><1></c>"
00:01:10.554,00:01:10.988,-1,-1,"<1></c><3>夢</c><2>を見つけていくつも抱きかかえて</c><1></c>"
00:01:10.554,00:01:10.988,-1,-1,"<1></c><3>夢</c><2>を見つけていくつも抱きかかえて</c><1></c>"
00:01:10.988,00:01:11.422,-1,0,"<1></c><3>ゆめ</c><2>をみつけていくつもだきかかえて</c><1></c>"
00:01:10.988,00:01:11.422,-1,0,"<1></c><3>ゆめ</c><2>をみつけていくつもだきかかえて</c><1></c>"
00:01:10.988,00:01:11.422,-1,-1,"<1></c><3>夢</c><2>を見つけていくつも抱きかかえて</c><1></c>"
00:01:10.988,00:01:11.422,-1,-1,"<1></c><3>夢</c><2>を見つけていくつも抱きかかえて</c><1></c>"
00:01:11.422,00:01:11.889,-1,0,"<1></c><3>ゆめを</c><2>みつけていくつもだきかかえて</c><1></c>"
00:01:11.422,00:01:11.889,-1,0,"<1></c><3>ゆめを</c><2>みつけていくつもだきかかえて</c><1></c>"
00:01:11.422,00:01:11.889,-1,-1,"<1></c><3>夢を</c><2>見つけていくつも抱きかかえて</c><1></c>"
00:01:11.422,00:01:11.889,-1,-1,"<1></c><3>夢を</c><2>見つけていくつも抱きかかえて</c><1></c>"
00:01:11.889,00:01:12.322,-1,0,"<1></c><3>ゆめをみ</c><2>つけていくつもだきかかえて</c><1></c>"
00:01:11.889,00:01:12.322,-1,0,"<1></c><3>ゆめをみ</c><2>つけていくつもだきかかえて</c><1></c>"
00:01:11.889,00:01:12.322,-1,-1,"<1></c><3>夢を見</c><2>つけていくつも抱きかかえて</c><1></c>"
00:01:11.889,00:01:12.322,-1,-1,"<1></c><3>夢を見</c><2>つけていくつも抱きかかえて</c><1></c>"
00:01:12.322,00:01:12.990,-1,0,"<1></c><3>ゆめをみつ</c><2>けていくつもだきかかえて</c><1></c>"
00:01:12.322,00:01:12.990,-1,0,"<1></c><3>ゆめをみつ</c><2>けていくつもだきかかえて</c><1></c>"
00:01:12.322,00:01:12.990,-1,-1,"<1></c><3>夢を見つ</c><2>けていくつも抱きかかえて</c><1></c>"
00:01:12.322,00:01:12.990,-1,-1,"<1></c><3>夢を見つ</c><2>けていくつも抱きかかえて</c><1></c>"
00:01:12.990,00:01:13.190,-1,0,"<1></c><3>ゆめをみつけ</c><2>ていくつもだきかかえて</c><1></c>"
00:01:12.990,00:01:13.190,-1,0,"<1></c><3>ゆめをみつけ</c><2>ていくつもだきかかえて</c><1></c>"
00:01:12.990,00:01:13.190,-1,-1,"<1></c><3>夢を見つけ</c><2>ていくつも抱きかかえて</c><1></c>"
00:01:12.990,00:01:13.190,-1,-1,"<1></c><3>夢を見つけ</c><2>ていくつも抱きかかえて</c><1></c>"
00:01:13.190,00:01:13.857,-1,0,"<1></c><3>ゆめをみつけて</c><2>いくつもだきかかえて</c><1></c>"
00:01:13.190,00:01:13.857,-1,0,"<1></c><3>ゆめをみつけて</c><2>いくつもだきかかえて</c><1></c>"
00:01:13.190,00:01:13.857,-1,-1,"<1></c><3>夢を見つけて</c><2>いくつも抱きかかえて</c><1></c>"
00:01:13.190,00:01:13.857,-1,-1,"<1></c><3>夢を見つけて</c><2>いくつも抱きかかえて</c><1></c>"
00:01:13.857,00:01:14.058,-1,0,"<1></c><3>ゆめをみつけてい</c><2>くつもだきかかえて</c><1></c>"
00:01:13.857,00:01:14.058,-1,0,"<1></c><3>ゆめをみつけてい</c><2>くつもだきかかえて</c><1></c>"
00:01:13.857,00:01:14.058,-1,-1,"<1></c><3>夢を見つけてい</c><2>くつも抱きかかえて</c><1></c>"
00:01:13.857,00:01:14.058,-1,-1,"<1></c><3>夢を見つけてい</c><2>くつも抱きかかえて</c><1></c>"
00:01:14.058,00:01:14.758,-1,0,"<1></c><3>ゆめをみつけていく</c><2>つもだきかかえて</c><1></c>"
00:01:14.058,00:01:14.758,-1,0,"<1></c><3>ゆめをみつけていく</c><2>つもだきかかえて</c><1></c>"
00:01:14.058,00:01:14.758,-1,-1,"<1></c><3>夢を見つけていく</c><2>つも抱きかかえて</c><1></c>"
00:01:14.058,00:01:14.758,-1,-1,"<1></c><3>夢を見つけていく</c><2>つも抱きかかえて</c><1></c>"
00:01:14.758,00:01:14.925,-1,0,"<1></c><3>ゆめをみつけていくつ</c><2>もだきかかえて</c><1></c>"
00:01:14.758,00:01:14.925,-1,0,"<1></c><3>ゆめをみつけていくつ</c><2>もだきかかえて</c><1></c>"
00:01:14.758,00:01:14.925,-1,-1,"<1></c><3>夢を見つけていくつ</c><2>も抱きかかえて</c><1></c>"
00:01:14.758,00:01:14.925,-1,-1,"<1></c><3>夢を見つけていくつ</c><2>も抱きかかえて</c><1></c>"
00:01:14.925,00:01:15.559,-1,0,"<1></c><3>ゆめをみつけていくつも</c><2>だきかかえて</c><1></c>"
00:01:14.925,00:01:15.559,-1,0,"<1></c><3>ゆめをみつけていくつも</c><2>だきかかえて</c><1></c>"
00:01:14.925,00:01:15.559,-1,-1,"<1></c><3>夢を見つけていくつも</c><2>抱きかかえて</c><1></c>"
00:01:14.925,00:01:15.559,-1,-1,"<1></c><3>夢を見つけていくつも</c><2>抱きかかえて</c><1></c>"
00:01:15.559,00:01:15.793,-1,0,"<1></c><3>ゆめをみつけていくつもだ</c><2>きかかえて</c><1></c>"
00:01:15.559,00:01:15.793,-1,0,"<1></c><3>ゆめをみつけていくつもだ</c><2>きかかえて</c><1></c>"
00:01:15.559,00:01:15.793,-1,-1,"<1></c><3>夢を見つけていくつも抱</c><2>きかかえて</c><1></c>"
00:01:15.559,00:01:15.793,-1,-1,"<1></c><3>夢を見つけていくつも抱</c><2>きかかえて</c><1></c>"
00:01:15.793,00:01:16.226,-1,0,"<1></c><3>ゆめをみつけていくつもだき</c><2>かかえて</c><1></c>"
00:01:15.793,00:01:16.226,-1,0,"<1></c><3>ゆめをみつけていくつもだき</c><2>かかえて</c><1></c>"
00:01:15.793,00:01:16.226,-1,-1,"<1></c><3>夢を見つけていくつも抱き</c><2>かかえて</c><1></c>"
00:01:15.793,00:01:16.226,-1,-1,"<1></c><3>夢を見つけていくつも抱き</c><2>かかえて</c><1></c>"
00:01:16.226,00:01:16.360,-1,0,"<1></c><3>ゆめをみつけていくつもだきか</c><2>かえて</c><1></c>"
00:01:16.226,00:01:16.360,-1,0,"<1></c><3>ゆめをみつけていくつもだきか</c><2>かえて</c><1></c>"
00:01:16.226,00:01:16.360,-1,-1,"<1></c><3>夢を見つけていくつも抱きか</c><2>かえて</c><1></c>"
00:01:16.226,00:01:16.360,-1,-1,"<1></c><3>夢を見つけていくつも抱きか</c><2>かえて</c><1></c>"
00:01:16.360,00:01:16.493,-1,0,"<1></c><3>ゆめをみつけていくつもだきかか</c><2>えて</c><1></c>"
00:01:16.360,00:01:16.493,-1,0,"<1></c><3>ゆめをみつけていくつもだきかか</c><2>えて</c><1></c>"
00:01:16.360,00:01:16.493,-1,-1,"<1></c><3>夢を見つけていくつも抱きかか</c><2>えて</c><1></c>"
00:01:16.360,00:01:16.493,-1,-1,"<1></c><3>夢を見つけていくつも抱きかか</c><2>えて</c><1></c>"
00:01:16.493,00:01:16.660,-1,0,"<1></c><3>ゆめをみつけていくつもだきかかえ</c><2>て</c><1></c>"
00:01:16.493,00:01:16.660,-1,0,"<1></c><3>ゆめをみつけていくつもだきかかえ</c><2>て</c><1></c>"
00:01:16.493,00:01:16.660,-1,-1,"<1></c><3>夢を見つけていくつも抱きかかえ</c><2>て</c><1></c>"
00:01:16.493,00:01:16.660,-1,-1,"<1></c><3>夢を見つけていくつも抱きかかえ</c><2>て</c><1></c>"
00:01:16.660,00:01:17.528,-1,0,"<1></c><3>ゆめをみつけていくつもだきかかえて</c><1></c>"
00:01:16.660,00:01:17.528,-1,0,"<1></c><3>ゆめをみつけていくつもだきかかえて</c><1></c>"
00:01:16.660,00:01:17.528,-1,-1,"<1></c><3>夢を見つけていくつも抱きかかえて</c><1></c>"
00:01:16.660,00:01:17.528,-1,-1,"<1></c><3>夢を見つけていくつも抱きかかえて</c><1></c>"
00:01:17.528,00:01:17.961,-1,0,"<1></c><3>き</c><2>みとはなしたみらいをつかみにいこう</c><1></c>"
00:01:17.528,00:01:17.961,-1,0,"<1></c><3>き</c><2>みとはなしたみらいをつかみにいこう</c><1></c>"
00:01:17.528,00:01:17.961,-1,-1,"<1></c><3>君</c><2>と話した未来を掴みに行こう</c><1></c>"
00:01:17.528,00:01:17.961,-1,-1,"<1></c><3>君</c><2>と話した未来を掴みに行こう</c><1></c>"
00:01:17.961,00:01:18.395,-1,0,"<1></c><3>きみ</c><2>とはなしたみらいをつかみにいこう</c><1></c>"
00:01:17.961,00:01:18.395,-1,0,"<1></c><3>きみ</c><2>とはなしたみらいをつかみにいこう</c><1></c>"
00:01:17.961,00:01:18.395,-1,-1,"<1></c><3>君</c><2>と話した未来を掴みに行こう</c><1></c>"
00:01:17.961,00:01:18.395,-1,-1,"<1></c><3>君</c><2>と話した未来を掴みに行こう</c><1></c>"
00:01:18.395,00:01:18.829,-1,0,"<1></c><3>きみと</c><2>はなしたみらいをつかみにいこう</c><1></c>"
00:01:18.395,00:01:18.829,-1,0,"<1></c><3>きみと</c><2>はなしたみらいをつかみにいこう</c><1></c>"
00:01:18.395,00:01:18.829,-1,-1,"<1></c><3>君と</c><2>話した未来を掴みに行こう</c><1></c>"
00:01:18.395,00:01:18.829,-1,-1,"<1></c><3>君と</c><2>話した未来を掴みに行こう</c><1></c>"
00:01:18.829,00:01:19.263,-1,0,"<1></c><3>きみとは</c><2>なしたみらいをつかみにいこう</c><1></c>"
00:01:18.829,00:01:19.263,-1,0,"<1></c><3>きみとは</c><2>なしたみらいをつかみにいこう</c><1></c>"
00:01:18.829,00:01:19.263,-1,-1,"<1></c><3>君と話</c><2>した未来を掴みに行こう</c><1></c>"
00:01:18.829,00:01:19.263,-1,-1,"<1></c><3>君と話</c><2>した未来を掴みに行こう</c><1></c>"
00:01:19.263,00:01:19.930,-1,0,"<1></c><3>きみとはな</c><2>したみらいをつかみにいこう</c><1></c>"
00:01:19.263,00:01:19.930,-1,0,"<1></c><3>きみとはな</c><2>したみらいをつかみにいこう</c><1></c>"
00:01:19.263,00:01:19.930,-1,-1,"<1></c><3>君と話</c><2>した未来を掴みに行こう</c><1></c>"
00:01:19.263,00:01:19.930,-1,-1,"<1></c><3>君と話</c><2>した未来を掴みに行こう</c><1></c>"
00:01:19.930,00:01:20.130,-1,0,"<1></c><3>きみとはなし</c><2>たみらいをつかみにいこう</c><1></c>"
00:01:19.930,00:01:20.130,-1,0,"<1></c><3>きみとはなし</c><2>たみらいをつかみにいこう</c><1></c>"
00:01:19.930,00:01:20.130,-1,-1,"<1></c><3>君と話し</c><2>た未来を掴みに行こう</c><1></c>"
00:01:19.930,00:01:20.130,-1,-1,"<1></c><3>君と話し</c><2>た未来を掴みに行こう</c><1></c>"
00:01:20.130,00:01:20.764,-1,0,"<1></c><3>きみとはなした</c><2>みらいをつかみにいこう</c><1></c>"
00:01:20.130,00:01:20.764,-1,0,"<1></c><3>きみとはなした</c><2>みらいをつかみにいこう</c><1></c>"
00:01:20.130,00:01:20.764,-1,-1,"<1></c><3>君と話した</c><2>未来を掴みに行こう</c><1></c>"
00:01:20.130,00:01:20.764,-1,-1,"<1></c><3>君と話した</c><2>未来を掴みに行こう</c><1></c>"
00:01:20.764,00:01:20.998,-1,0,"<1></c><3>きみとはなしたみ</c><2>らいをつかみにいこう</c><1></c>"
00:01:20.764,00:01:20.998,-1,0,"<1></c><3>きみとはなしたみ</c><2>らいをつかみにいこう</c><1></c>"
00:01:20.764,00:01:20.998,-1,-1,"<1></c><3>君と話した未</c><2>来を掴みに行こう</c><1></c>"
00:01:20.764,00:01:20.998,-1,-1,"<1></c><3>君と話した未</c><2>来を掴みに行こう</c><1></c>"
00:01:20.998,00:01:21.665,-1,0,"<1></c><3>きみとはなしたみら</c><2>いをつかみにいこう</c><1></c>"
00:01:20.998,00:01:21.665,-1,0,"<1></c><3>きみとはなしたみら</c><2>いをつかみにいこう</c><1></c>"
00:01:20.998,00:01:21.665,-1,-1,"<1></c><3>君と話した未来</c><2>を掴みに行こう</c><1></c>"
00:01:20.998,00:01:21.665,-1,-1,"<1></c><3>君と話した未来</c><2>を掴みに行こう</c><1></c>"
00:01:21.665,00:01:21.865,-1,0,"<1></c><3>きみとはなしたみらい</c><2>をつかみにいこう</c><1></c>"
00:01:21.665,00:01:21.865,-1,0,"<1></c><3>きみとはなしたみらい</c><2>をつかみにいこう</c><1></c>"
00:01:21.665,00:01:21.865,-1,-1,"<1></c><3>君と話した未来</c><2>を掴みに行こう</c><1></c>"
00:01:21.665,00:01:21.865,-1,-1,"<1></c><3>君と話した未来</c><2>を掴みに行こう</c><1></c>"
00:01:21.865,00:01:22.266,-1,0,"<1></c><3>きみとはなしたみらいを</c><2>つかみにいこう</c><1></c>"
00:01:21.865,00:01:22.266,-1,0,"<1></c><3>きみとはなしたみらいを</c><2>つかみにいこう</c><1></c>"
00:01:21.865,00:01:22.266,-1,-1,"<1></c><3>君と話した未来を</c><2>掴みに行こう</c><1></c>"
00:01:21.865,00:01:22.266,-1,-1,"<1></c><3>君と話した未来を</c><2>掴みに行こう</c><1></c>"
00:01:22.266,00:01:22.499,-1,0,"<1></c><3>きみとはなしたみらいをつ</c><2>かみにいこう</c><1></c>"
00:01:22.266,00:01:22.499,-1,0,"<1></c><3>きみとはなしたみらいをつ</c><2>かみにいこう</c><1></c>"
00:01:22.266,00:01:22.499,-1,-1,"<1></c><3>君と話した未来を掴</c><2>みに行こう</c><1></c>"
00:01:22.266,00:01:22.499,-1,-1,"<1></c><3>君と話した未来を掴</c><2>みに行こう</c><1></c>"
00:01:22.499,00:01:22.733,-1,0,"<1></c><3>きみとはなしたみらいをつか</c><2>みにいこう</c><1></c>"
00:01:22.499,00:01:22.733,-1,0,"<1></c><3>きみとはなしたみらいをつか</c><2>みにいこう</c><1></c>"
00:01:22.499,00:01:22.733,-1,-1,"<1></c><3>君と話した未来を掴</c><2>みに行こう</c><1></c>"
00:01:22.499,00:01:22.733,-1,-1,"<1></c><3>君と話した未来を掴</c><2>みに行こう</c><1></c>"
00:01:22.733,00:01:23.167,-1,0,"<1></c><3>きみとはなしたみらいをつかみ</c><2>にいこう</c><1></c>"
00:01:22.733,00:01:23.167,-1,0,"<1></c><3>きみとはなしたみらいをつかみ</c><2>にいこう</c><1></c>"
00:01:22.733,00:01:23.167,-1,-1,"<1></c><3>君と話した未来を掴み</c><2>に行こう</c><1></c>"
00:01:22.733,00:01:23.167,-1,-1,"<1></c><3>君と話した未来を掴み</c><2>に行こう</c><1></c>"
00:01:23.167,00:01:23.400,-1,0,"<1></c><3>きみとはなしたみらいをつかみに</c><2>いこう</c><1></c>"
00:01:23.167,00:01:23.400,-1,0,"<1></c><3>きみとはなしたみらいをつかみに</c><2>いこう</c><1></c>"
00:01:23.167,00:01:23.400,-1,-1,"<1></c><3>君と話した未来を掴みに</c><2>行こう</c><1></c>"
00:01:23.167,00:01:23.400,-1,-1,"<1></c><3>君と話した未来を掴みに</c><2>行こう</c><1></c>"
00:01:23.400,00:01:23.634,-1,0,"<1></c><3>きみとはなしたみらいをつかみにい</c><2>こう</c><1></c>"
00:01:23.400,00:01:23.634,-1,0,"<1></c><3>きみとはなしたみらいをつかみにい</c><2>こう</c><1></c>"
00:01:23.400,00:01:23.634,-1,-1,"<1></c><3>君と話した未来を掴みに行</c><2>こう</c><1></c>"
00:01:23.400,00:01:23.634,-1,-1,"<1></c><3>君と話した未来を掴みに行</c><2>こう</c><1></c>"
00:01:23.634,00:01:23.801,-1,0,"<1></c><3>きみとはなしたみらいをつかみにいこ</c><2>う</c><1></c>"
00:01:23.634,00:01:23.801,-1,0,"<1></c><3>きみとはなしたみらいをつかみにいこ</c><2>う</c><1></c>"
00:01:23.634,00:01:23.801,-1,-1,"<1></c><3>君と話した未来を掴みに行こ</c><2>う</c><1></c>"
00:01:23.634,00:01:23.801,-1,-1,"<1></c><3>君と話した未来を掴みに行こ</c><2>う</c><1></c>"
00:01:23.801,00:01:24.268,-1,0,"<1></c><3>きみとはなしたみらいをつかみにいこう</c><1></c>"
00:01:23.801,00:01:24.268,-1,0,"<1></c><3>きみとはなしたみらいをつかみにいこう</c><1></c>"
00:01:23.801,00:01:24.268,-1,-1,"<1></c><3>君と話した未来を掴みに行こう</c><1></c>"
00:01:23.801,00:01:24.268,-1,-1,"<1></c><3>君と話した未来を掴みに行こう</c><1></c>"
00:01:24.268,00:01:24.535,-1,0,"<1></c><3>い</c><2>っしょにとなりあるいていこう</c><1></c>"
00:01:24.268,00:01:24.535,-1,0,"<1></c><3>い</c><2>っしょにとなりあるいていこう</c><1></c>"
00:01:24.268,00:01:24.535,-1,-1,"<1></c><3>一</c><2>緒に隣歩いて行こう</c><1></c>"
00:01:24.268,00:01:24.535,-1,-1,"<1></c><3>一</c><2>緒に隣歩いて行こう</c><1></c>"
00:01:24.535,00:01:25.135,-1,0,"<1></c><3>いっ</c><2>しょにとなりあるいていこう</c><1></c>"
00:01:24.535,00:01:25.135,-1,0,"<1></c><3>いっ</c><2>しょにとなりあるいていこう</c><1></c>"
00:01:24.535,00:01:25.135,-1,-1,"<1></c><3>一</c><2>緒に隣歩いて行こう</c><1></c>"
00:01:24.535,00:01:25.135,-1,-1,"<1></c><3>一</c><2>緒に隣歩いて行こう</c><1></c>"
00:01:25.135,00:01:25.369,-1,0,"<1></c><3>いっしょ</c><2>にとなりあるいていこう</c><1></c>"
00:01:25.135,00:01:25.369,-1,0,"<1></c><3>いっしょ</c><2>にとなりあるいていこう</c><1></c>"
00:01:25.135,00:01:25.369,-1,-1,"<1></c><3>一緒</c><2>に隣歩いて行こう</c><1></c>"
00:01:25.135,00:01:25.369,-1,-1,"<1></c><3>一緒</c><2>に隣歩いて行こう</c><1></c>"
00:01:25.369,00:01:25.803,-1,0,"<1></c><3>いっしょに</c><2>となりあるいていこう</c><1></c>"
00:01:25.369,00:01:25.803,-1,0,"<1></c><3>いっしょに</c><2>となりあるいていこう</c><1></c>"
00:01:25.369,00:01:25.803,-1,-1,"<1></c><3>一緒に</c><2>隣歩いて行こう</c><1></c>"
00:01:25.369,00:01:25.803,-1,-1,"<1></c><3>一緒に</c><2>隣歩いて行こう</c><1></c>"
00:01:25.803,00:01:26.003,-1,0,"<1></c><3>いっしょにと</c><2>なりあるいていこう</c><1></c>"
00:01:25.803,00:01:26.003,-1,0,"<1></c><3>いっしょにと</c><2>なりあるいていこう</c><1></c>"
00:01:25.803,00:01:26.003,-1,-1,"<1></c><3>一緒に隣</c><2>歩いて行こう</c><1></c>"
00:01:25.803,00:01:26.003,-1,-1,"<1></c><3>一緒に隣</c><2>歩いて行こう</c><1></c>"
00:01:26.003,00:01:26.203,-1,0,"<1></c><3>いっしょにとな</c><2>りあるいていこう</c><1></c>"
00:01:26.003,00:01:26.203,-1,0,"<1></c><3>いっしょにとな</c><2>りあるいていこう</c><1></c>"
00:01:26.003,00:01:26.203,-1,-1,"<1></c><3>一緒に隣</c><2>歩いて行こう</c><1></c>"
00:01:26.003,00:01:26.203,-1,-1,"<1></c><3>一緒に隣</c><2>歩いて行こう</c><1></c>"
00:01:26.203,00:01:26.904,-1,0,"<1></c><3>いっしょにとなり</c><2>あるいていこう</c><1></c>"
00:01:26.203,00:01:26.904,-1,0,"<1></c><3>いっしょにとなり</c><2>あるいていこう</c><1></c>"
00:01:26.203,00:01:26.904,-1,-1,"<1></c><3>一緒に隣</c><2>歩いて行こう</c><1></c>"
00:01:26.203,00:01:26.904,-1,-1,"<1></c><3>一緒に隣</c><2>歩いて行こう</c><1></c>"
00:01:26.904,00:01:27.104,-1,0,"<1></c><3>いっしょにとなりあ</c><2>るいていこう</c><1></c>"
00:01:26.904,00:01:27.104,-1,0,"<1></c><3>いっしょにとなりあ</c><2>るいていこう</c><1></c>"
00:01:26.904,00:01:27.104,-1,-1,"<1></c><3>一緒に隣歩</c><2>いて行こう</c><1></c>"
00:01:26.904,00:01:27.104,-1,-1,"<1></c><3>一緒に隣歩</c><2>いて行こう</c><1></c>"
00:01:27.104,00:01:27.304,-1,0,"<1></c><3>いっしょにとなりある</c><2>いていこう</c><1></c>"
00:01:27.104,00:01:27.304,-1,0,"<1></c><3>いっしょにとなりある</c><2>いていこう</c><1></c>"
00:01:27.104,00:01:27.304,-1,-1,"<1></c><3>一緒に隣歩</c><2>いて行こう</c><1></c>"
00:01:27.104,00:01:27.304,-1,-1,"<1></c><3>一緒に隣歩</c><2>いて行こう</c><1></c>"
00:01:27.304,00:01:27.538,-1,0,"<1></c><3>いっしょにとなりあるい</c><2>ていこう</c><1></c>"
00:01:27.304,00:01:27.538,-1,0,"<1></c><3>いっしょにとなりあるい</c><2>ていこう</c><1></c>"
00:01:27.304,00:01:27.538,-1,-1,"<1></c><3>一緒に隣歩い</c><2>て行こう</c><1></c>"
00:01:27.304,00:01:27.538,-1,-1,"<1></c><3>一緒に隣歩い</c><2>て行こう</c><1></c>"
00:01:27.538,00:01:27.771,-1,0,"<1></c><3>いっしょにとなりあるいて</c><2>いこう</c><1></c>"
00:01:27.538,00:01:27.771,-1,0,"<1></c><3>いっしょにとなりあるいて</c><2>いこう</c><1></c>"
00:01:27.538,00:01:27.771,-1,-1,"<1></c><3>一緒に隣歩いて</c><2>行こう</c><1></c>"
00:01:27.538,00:01:27.771,-1,-1,"<1></c><3>一緒に隣歩いて</c><2>行こう</c><1></c>"
00:01:27.771,00:01:27.971,-1,0,"<1></c><3>いっしょにとなりあるいてい</c><2>こう</c><1></c>"
00:01:27.771,00:01:27.971,-1,0,"<1></c><3>いっしょにとなりあるいてい</c><2>こう</c><1></c>"
00:01:27.771,00:01:27.971,-1,-1,"<1></c><3>一緒に隣歩いて行</c><2>こう</c><1></c>"
00:01:27.771,00:01:27.971,-1,-1,"<1></c><3>一緒に隣歩いて行</c><2>こう</c><1></c>"
00:01:27.971,00:01:29.706,67,83,"<1></c><3>RecordingEngineer:</c><1></c><3>NeerajKhajanchi、沢田悠介（StudioJive）</c><1></c>"
00:01:27.971,00:01:29.706,67,83,"<1></c><3>RecordingEngineer:</c><1></c><3>NeerajKhajanchi、沢田悠介（StudioJive）</c><1></c>"
00:01:27.971,00:01:28.138,-1,0,"<1></c><3>いっしょにとなりあるいていこ</c><2>う</c><1></c>"
00:01:27.971,00:01:28.138,-1,0,"<1></c><3>いっしょにとなりあるいていこ</c><2>う</c><1></c>"
00:01:27.971,00:01:28.138,-1,-1,"<1></c><3>一緒に隣歩いて行こ</c><2>う</c><1></c>"
00:01:27.971,00:01:28.138,-1,-1,"<1></c><3>一緒に隣歩いて行こ</c><2>う</c><1></c>"
00:01:28.138,00:01:28.405,-1,0,"<1></c><3>いっしょにとなりあるいていこう</c><1></c>"
00:01:28.138,00:01:28.405,-1,0,"<1></c><3>いっしょにとなりあるいていこう</c><1></c>"
00:01:28.138,00:01:28.405,-1,-1,"<1></c><3>一緒に隣歩いて行こう</c><1></c>"
00:01:28.138,00:01:28.405,-1,-1,"<1></c><3>一緒に隣歩いて行こう</c><1></c>"
00:01:29.706,00:01:31.442,83,91,"<1></c><3>MixingStudio:StudioArte</c><1></c><3>Recording&amp;MixingEngineer:菊池司（ArteRefact）</c><1></c>"
00:01:29.706,00:01:31.442,83,91,"<1></c><3>MixingStudio:StudioArte</c><1></c><3>Recording&amp;MixingEngineer:菊池司（ArteRefact）</c><1></c>"
00:01:31.442,00:01:33.177,69,-1,"<1></c><3>SoundDirectedby宮家智彦（ArteRefact）</c><1></c>"
00:01:31.442,00:01:33.177,69,-1,"<1></c><3>SoundDirectedby宮家智彦（ArteRefact）</c><1></c>"
00:01:33.177,00:01:34.912,69,-1,"<1></c><3>SoundProducedby小濱信慶（ArteRefact）</c><1></c>"
00:01:33.177,00:01:34.912,69,-1,"<1></c><3>SoundProducedby小濱信慶（ArteRefact）</c><1></c>"
00:01:34.912,00:01:35.045,-1,0,"<1></c><3>ま</c><2>っすぐなひつじにまよいはないのさ</c><1></c>"
00:01:34.912,00:01:35.045,-1,0,"<1></c><3>ま</c><2>っすぐなひつじにまよいはないのさ</c><1></c>"
00:01:34.912,00:01:35.045,-1,-1,"<1></c><3>ま</c><2>っすぐな羊に迷いはないのさ</c><1></c>"
00:01:34.912,00:01:35.045,-1,-1,"<1></c><3>ま</c><2>っすぐな羊に迷いはないのさ</c><1></c>"
00:01:35.045,00:01:35.145,-1,0,"<1></c><3>まっ</c><2>すぐなひつじにまよいはないのさ</c><1></c>"
00:01:35.045,00:01:35.145,-1,0,"<1></c><3>まっ</c><2>すぐなひつじにまよいはないのさ</c><1></c>"
00:01:35.045,00:01:35.145,-1,-1,"<1></c><3>まっ</c><2>すぐな羊に迷いはないのさ</c><1></c>"
00:01:35.045,00:01:35.145,-1,-1,"<1></c><3>まっ</c><2>すぐな羊に迷いはないのさ</c><1></c>"
00:01:35.145,00:01:35.245,-1,0,"<1></c><3>まっす</c><2>ぐなひつじにまよいはないのさ</c><1></c>"
00:01:35.145,00:01:35.245,-1,0,"<1></c><3>まっす</c><2>ぐなひつじにまよいはないのさ</c><1></c>"
00:01:35.145,00:01:35.245,-1,-1,"<1></c><3>まっす</c><2>ぐな羊に迷いはないのさ</c><1></c>"
00:01:35.145,00:01:35.245,-1,-1,"<1></c><3>まっす</c><2>ぐな羊に迷いはないのさ</c><1></c>"
00:01:35.245,00:01:35.345,-1,0,"<1></c><3>まっすぐ</c><2>なひつじにまよいはないのさ</c><1></c>"
00:01:35.245,00:01:35.345,-1,0,"<1></c><3>まっすぐ</c><2>なひつじにまよいはないのさ</c><1></c>"
00:01:35.245,00:01:35.345,-1,-1,"<1></c><3>まっすぐ</c><2>な羊に迷いはないのさ</c><1></c>"
00:01:35.245,00:01:35.345,-1,-1,"<1></c><3>まっすぐ</c><2>な羊に迷いはないのさ</c><1></c>"
00:01:35.345,00:01:35.579,-1,0,"<1></c><3>まっすぐな</c><2>ひつじにまよいはないのさ</c><1></c>"
00:01:35.345,00:01:35.579,-1,0,"<1></c><3>まっすぐな</c><2>ひつじにまよいはないのさ</c><1></c>"
00:01:35.345,00:01:35.579,-1,-1,"<1></c><3>まっすぐな</c><2>羊に迷いはないのさ</c><1></c>"
00:01:35.345,00:01:35.579,-1,-1,"<1></c><3>まっすぐな</c><2>羊に迷いはないのさ</c><1></c>"
00:01:35.579,00:01:35.679,-1,0,"<1></c><3>まっすぐなひ</c><2>つじにまよいはないのさ</c><1></c>"
00:01:35.579,00:01:35.679,-1,0,"<1></c><3>まっすぐなひ</c><2>つじにまよいはないのさ</c><1></c>"
00:01:35.579,00:01:35.679,-1,-1,"<1></c><3>まっすぐな羊</c><2>に迷いはないのさ</c><1></c>"
00:01:35.579,00:01:35.679,-1,-1,"<1></c><3>まっすぐな羊</c><2>に迷いはないのさ</c><1></c>"
00:01:35.679,00:01:36.013,-1,0,"<1></c><3>まっすぐなひつ</c><2>じにまよいはないのさ</c><1></c>"
00:01:35.679,00:01:36.013,-1,0,"<1></c><3>まっすぐなひつ</c><2>じにまよいはないのさ</c><1></c>"
00:01:35.679,00:01:36.013,-1,-1,"<1></c><3>まっすぐな羊</c><2>に迷いはないのさ</c><1></c>"
00:01:35.679,00:01:36.013,-1,-1,"<1></c><3>まっすぐな羊</c><2>に迷いはないのさ</c><1></c>"
00:01:36.013,00:01:36.213,-1,0,"<1></c><3>まっすぐなひつじ</c><2>にまよいはないのさ</c><1></c>"
00:01:36.013,00:01:36.213,-1,0,"<1></c><3>まっすぐなひつじ</c><2>にまよいはないのさ</c><1></c>"
00:01:36.013,00:01:36.213,-1,-1,"<1></c><3>まっすぐな羊</c><2>に迷いはないのさ</c><1></c>"
00:01:36.013,00:01:36.213,-1,-1,"<1></c><3>まっすぐな羊</c><2>に迷いはないのさ</c><1></c>"
00:01:36.213,00:01:36.313,-1,0,"<1></c><3>まっすぐなひつじに</c><2>まよいはないのさ</c><1></c>"
00:01:36.213,00:01:36.313,-1,0,"<1></c><3>まっすぐなひつじに</c><2>まよいはないのさ</c><1></c>"
00:01:36.213,00:01:36.313,-1,-1,"<1></c><3>まっすぐな羊に</c><2>迷いはないのさ</c><1></c>"
00:01:36.213,00:01:36.313,-1,-1,"<1></c><3>まっすぐな羊に</c><2>迷いはないのさ</c><1></c>"
00:01:36.313,00:01:36.413,-1,0,"<1></c><3>まっすぐなひつじにま</c><2>よいはないのさ</c><1></c>"
00:01:36.313,00:01:36.413,-1,0,"<1></c><3>まっすぐなひつじにま</c><2>よいはないのさ</c><1></c>"
00:01:36.313,00:01:36.413,-1,-1,"<1></c><3>まっすぐな羊に迷</c><2>いはないのさ</c><1></c>"
00:01:36.313,00:01:36.413,-1,-1,"<1></c><3>まっすぐな羊に迷</c><2>いはないのさ</c><1></c>"
00:01:36.413,00:01:36.547,-1,0,"<1></c><3>まっすぐなひつじにまよ</c><2>いはないのさ</c><1></c>"
00:01:36.413,00:01:36.547,-1,0,"<1></c><3>まっすぐなひつじにまよ</c><2>いはないのさ</c><1></c>"
00:01:36.413,00:01:36.547,-1,-1,"<1></c><3>まっすぐな羊に迷</c><2>いはないのさ</c><1></c>"
00:01:36.413,00:01:36.547,-1,-1,"<1></c><3>まっすぐな羊に迷</c><2>いはないのさ</c><1></c>"
00:01:36.547,00:01:36.880,-1,0,"<1></c><3>まっすぐなひつじにまよい</c><2>はないのさ</c><1></c>"
00:01:36.547,00:01:36.880,-1,0,"<1></c><3>まっすぐなひつじにまよい</c><2>はないのさ</c><1></c>"
00:01:36.547,00:01:36.880,-1,-1,"<1></c><3>まっすぐな羊に迷い</c><2>はないのさ</c><1></c>"
00:01:36.547,00:01:36.880,-1,-1,"<1></c><3>まっすぐな羊に迷い</c><2>はないのさ</c><1></c>"
00:01:36.880,00:01:37.081,-1,0,"<1></c><3>まっすぐなひつじにまよいは</c><2>ないのさ</c><1></c>"
00:01:36.880,00:01:37.081,-1,0,"<1></c><3>まっすぐなひつじにまよいは</c><2>ないのさ</c><1></c>"
00:01:36.880,00:01:37.081,-1,-1,"<1></c><3>まっすぐな羊に迷いは</c><2>ないのさ</c><1></c>"
00:01:36.880,00:01:37.081,-1,-1,"<1></c><3>まっすぐな羊に迷いは</c><2>ないのさ</c><1></c>"
00:01:37.081,00:01:37.181,-1,0,"<1></c><3>まっすぐなひつじにまよいはな</c><2>いのさ</c><1></c>"
00:01:37.081,00:01:37.181,-1,0,"<1></c><3>まっすぐなひつじにまよいはな</c><2>いのさ</c><1></c>"
00:01:37.081,00:01:37.181,-1,-1,"<1></c><3>まっすぐな羊に迷いはな</c><2>いのさ</c><1></c>"
00:01:37.081,00:01:37.181,-1,-1,"<1></c><3>まっすぐな羊に迷いはな</c><2>いのさ</c><1></c>"
00:01:37.181,00:01:37.281,-1,0,"<1></c><3>まっすぐなひつじにまよいはない</c><2>のさ</c><1></c>"
00:01:37.181,00:01:37.281,-1,0,"<1></c><3>まっすぐなひつじにまよいはない</c><2>のさ</c><1></c>"
00:01:37.181,00:01:37.281,-1,-1,"<1></c><3>まっすぐな羊に迷いはない</c><2>のさ</c><1></c>"
00:01:37.181,00:01:37.281,-1,-1,"<1></c><3>まっすぐな羊に迷いはない</c><2>のさ</c><1></c>"
00:01:37.281,00:01:37.381,-1,0,"<1></c><3>まっすぐなひつじにまよいはないの</c><2>さ</c><1></c>"
00:01:37.281,00:01:37.381,-1,0,"<1></c><3>まっすぐなひつじにまよいはないの</c><2>さ</c><1></c>"
00:01:37.281,00:01:37.381,-1,-1,"<1></c><3>まっすぐな羊に迷いはないの</c><2>さ</c><1></c>"
00:01:37.281,00:01:37.381,-1,-1,"<1></c><3>まっすぐな羊に迷いはないの</c><2>さ</c><1></c>"
00:01:37.381,00:01:38.382,-1,0,"<1></c><3>まっすぐなひつじにまよいはないのさ</c><1></c>"
00:01:37.381,00:01:38.382,-1,0,"<1></c><3>まっすぐなひつじにまよいはないのさ</c><1></c>"
00:01:37.381,00:01:38.382,-1,-1,"<1></c><3>まっすぐな羊に迷いはないのさ</c><1></c>"
00:01:37.381,00:01:38.382,-1,-1,"<1></c><3>まっすぐな羊に迷いはないのさ</c><1></c>"
00:01:38.382,00:01:38.615,-1,0,"<1></c><3>は</c><2>しりだしたらきゅうにはとまれない</c><1></c>"
00:01:38.382,00:01:38.615,-1,0,"<1></c><3>は</c><2>しりだしたらきゅうにはとまれない</c><1></c>"
00:01:38.382,00:01:38.615,-1,-1,"<1></c><3>走</c><2>り出したら急には止まれない</c><1></c>"
00:01:38.382,00:01:38.615,-1,-1,"<1></c><3>走</c><2>り出したら急には止まれない</c><1></c>"
00:01:38.615,00:01:38.749,-1,0,"<1></c><3>はし</c><2>りだしたらきゅうにはとまれない</c><1></c>"
00:01:38.615,00:01:38.749,-1,0,"<1></c><3>はし</c><2>りだしたらきゅうにはとまれない</c><1></c>"
00:01:38.615,00:01:38.749,-1,-1,"<1></c><3>走</c><2>り出したら急には止まれない</c><1></c>"
00:01:38.615,00:01:38.749,-1,-1,"<1></c><3>走</c><2>り出したら急には止まれない</c><1></c>"
00:01:38.749,00:01:38.816,-1,0,"<1></c><3>はしり</c><2>だしたらきゅうにはとまれない</c><1></c>"
00:01:38.749,00:01:38.816,-1,0,"<1></c><3>はしり</c><2>だしたらきゅうにはとまれない</c><1></c>"
00:01:38.749,00:01:38.816,-1,-1,"<1></c><3>走り</c><2>出したら急には止まれない</c><1></c>"
00:01:38.749,00:01:38.816,-1,-1,"<1></c><3>走り</c><2>出したら急には止まれない</c><1></c>"
00:01:38.816,00:01:39.049,-1,0,"<1></c><3>はしりだ</c><2>したらきゅうにはとまれない</c><1></c>"
00:01:38.816,00:01:39.049,-1,0,"<1></c><3>はしりだ</c><2>したらきゅうにはとまれない</c><1></c>"
00:01:38.816,00:01:39.049,-1,-1,"<1></c><3>走り出</c><2>したら急には止まれない</c><1></c>"
00:01:38.816,00:01:39.049,-1,-1,"<1></c><3>走り出</c><2>したら急には止まれない</c><1></c>"
00:01:39.049,00:01:39.149,-1,0,"<1></c><3>はしりだし</c><2>たらきゅうにはとまれない</c><1></c>"
00:01:39.049,00:01:39.149,-1,0,"<1></c><3>はしりだし</c><2>たらきゅうにはとまれない</c><1></c>"
00:01:39.049,00:01:39.149,-1,-1,"<1></c><3>走り出し</c><2>たら急には止まれない</c><1></c>"
00:01:39.049,00:01:39.149,-1,-1,"<1></c><3>走り出し</c><2>たら急には止まれない</c><1></c>"
00:01:39.149,00:01:39.483,-1,0,"<1></c><3>はしりだした</c><2>らきゅうにはとまれない</c><1></c>"
00:01:39.149,00:01:39.483,-1,0,"<1></c><3>はしりだした</c><2>らきゅうにはとまれない</c><1></c>"
00:01:39.149,00:01:39.483,-1,-1,"<1></c><3>走り出した</c><2>ら急には止まれない</c><1></c>"
00:01:39.149,00:01:39.483,-1,-1,"<1></c><3>走り出した</c><2>ら急には止まれない</c><1></c>"
00:01:39.483,00:01:39.683,-1,0,"<1></c><3>はしりだしたら</c><2>きゅうにはとまれない</c><1></c>"
00:01:39.483,00:01:39.683,-1,0,"<1></c><3>はしりだしたら</c><2>きゅうにはとまれない</c><1></c>"
00:01:39.483,00:01:39.683,-1,-1,"<1></c><3>走り出したら</c><2>急には止まれない</c><1></c>"
00:01:39.483,00:01:39.683,-1,-1,"<1></c><3>走り出したら</c><2>急には止まれない</c><1></c>"
00:01:39.683,00:01:39.817,-1,0,"<1></c><3>はしりだしたらきゅ</c><2>うにはとまれない</c><1></c>"
00:01:39.683,00:01:39.817,-1,0,"<1></c><3>はしりだしたらきゅ</c><2>うにはとまれない</c><1></c>"
00:01:39.683,00:01:39.817,-1,-1,"<1></c><3>走り出したら急</c><2>には止まれない</c><1></c>"
00:01:39.683,00:01:39.817,-1,-1,"<1></c><3>走り出したら急</c><2>には止まれない</c><1></c>"
00:01:39.817,00:01:39.917,-1,0,"<1></c><3>はしりだしたらきゅう</c><2>にはとまれない</c><1></c>"
00:01:39.817,00:01:39.917,-1,0,"<1></c><3>はしりだしたらきゅう</c><2>にはとまれない</c><1></c>"
00:01:39.817,00:01:39.917,-1,-1,"<1></c><3>走り出したら急</c><2>には止まれない</c><1></c>"
00:01:39.817,00:01:39.917,-1,-1,"<1></c><3>走り出したら急</c><2>には止まれない</c><1></c>"
00:01:39.917,00:01:40.017,-1,0,"<1></c><3>はしりだしたらきゅうに</c><2>はとまれない</c><1></c>"
00:01:39.917,00:01:40.017,-1,0,"<1></c><3>はしりだしたらきゅうに</c><2>はとまれない</c><1></c>"
00:01:39.917,00:01:40.017,-1,-1,"<1></c><3>走り出したら急に</c><2>は止まれない</c><1></c>"
00:01:39.917,00:01:40.017,-1,-1,"<1></c><3>走り出したら急に</c><2>は止まれない</c><1></c>"
00:01:40.017,00:01:40.350,-1,0,"<1></c><3>はしりだしたらきゅうには</c><2>とまれない</c><1></c>"
00:01:40.017,00:01:40.350,-1,0,"<1></c><3>はしりだしたらきゅうには</c><2>とまれない</c><1></c>"
00:01:40.017,00:01:40.350,-1,-1,"<1></c><3>走り出したら急には</c><2>止まれない</c><1></c>"
00:01:40.017,00:01:40.350,-1,-1,"<1></c><3>走り出したら急には</c><2>止まれない</c><1></c>"
00:01:40.350,00:01:40.551,-1,0,"<1></c><3>はしりだしたらきゅうにはと</c><2>まれない</c><1></c>"
00:01:40.350,00:01:40.551,-1,0,"<1></c><3>はしりだしたらきゅうにはと</c><2>まれない</c><1></c>"
00:01:40.350,00:01:40.551,-1,-1,"<1></c><3>走り出したら急には止</c><2>まれない</c><1></c>"
00:01:40.350,00:01:40.551,-1,-1,"<1></c><3>走り出したら急には止</c><2>まれない</c><1></c>"
00:01:40.551,00:01:40.784,-1,0,"<1></c><3>はしりだしたらきゅうにはとま</c><2>れない</c><1></c>"
00:01:40.551,00:01:40.784,-1,0,"<1></c><3>はしりだしたらきゅうにはとま</c><2>れない</c><1></c>"
00:01:40.551,00:01:40.784,-1,-1,"<1></c><3>走り出したら急には止ま</c><2>れない</c><1></c>"
00:01:40.551,00:01:40.784,-1,-1,"<1></c><3>走り出したら急には止ま</c><2>れない</c><1></c>"
00:01:40.784,00:01:40.884,-1,0,"<1></c><3>はしりだしたらきゅうにはとまれ</c><2>ない</c><1></c>"
00:01:40.784,00:01:40.884,-1,0,"<1></c><3>はしりだしたらきゅうにはとまれ</c><2>ない</c><1></c>"
00:01:40.784,00:01:40.884,-1,-1,"<1></c><3>走り出したら急には止まれ</c><2>ない</c><1></c>"
00:01:40.784,00:01:40.884,-1,-1,"<1></c><3>走り出したら急には止まれ</c><2>ない</c><1></c>"
00:01:40.884,00:01:40.984,-1,0,"<1></c><3>はしりだしたらきゅうにはとまれな</c><2>い</c><1></c>"
00:01:40.884,00:01:40.984,-1,0,"<1></c><3>はしりだしたらきゅうにはとまれな</c><2>い</c><1></c>"
00:01:40.884,00:01:40.984,-1,-1,"<1></c><3>走り出したら急には止まれな</c><2>い</c><1></c>"
00:01:40.884,00:01:40.984,-1,-1,"<1></c><3>走り出したら急には止まれな</c><2>い</c><1></c>"
00:01:40.984,00:01:41.618,-1,0,"<1></c><3>はしりだしたらきゅうにはとまれない</c><1></c>"
00:01:40.984,00:01:41.618,-1,0,"<1></c><3>はしりだしたらきゅうにはとまれない</c><1></c>"
00:01:40.984,00:01:41.618,-1,-1,"<1></c><3>走り出したら急には止まれない</c><1></c>"
00:01:40.984,00:01:41.618,-1,-1,"<1></c><3>走り出したら急には止まれない</c><1></c>"
00:01:41.618,00:01:41.752,-1,0,"<1></c><3>ま</c><2>わりをまきこむそんなひつじにいま</c><1></c>"
00:01:41.618,00:01:41.752,-1,0,"<1></c><3>ま</c><2>わりをまきこむそんなひつじにいま</c><1></c>"
00:01:41.618,00:01:41.752,-1,-1,"<1></c><3>周</c><2>りを巻き込むそんな羊に今</c><1></c>"
00:01:41.618,00:01:41.752,-1,-1,"<1></c><3>周</c><2>りを巻き込むそんな羊に今</c><1></c>"
00:01:41.752,00:01:41.885,-1,0,"<1></c><3>まわ</c><2>りをまきこむそんなひつじにいま</c><1></c>"
00:01:41.752,00:01:41.885,-1,0,"<1></c><3>まわ</c><2>りをまきこむそんなひつじにいま</c><1></c>"
00:01:41.752,00:01:41.885,-1,-1,"<1></c><3>周</c><2>りを巻き込むそんな羊に今</c><1></c>"
00:01:41.752,00:01:41.885,-1,-1,"<1></c><3>周</c><2>りを巻き込むそんな羊に今</c><1></c>"
00:01:41.885,00:01:42.086,-1,0,"<1></c><3>まわり</c><2>をまきこむそんなひつじにいま</c><1></c>"
00:01:41.885,00:01:42.086,-1,0,"<1></c><3>まわり</c><2>をまきこむそんなひつじにいま</c><1></c>"
00:01:41.885,00:01:42.086,-1,-1,"<1></c><3>周り</c><2>を巻き込むそんな羊に今</c><1></c>"
00:01:41.885,00:01:42.086,-1,-1,"<1></c><3>周り</c><2>を巻き込むそんな羊に今</c><1></c>"
00:01:42.086,00:01:42.286,-1,0,"<1></c><3>まわりを</c><2>まきこむそんなひつじにいま</c><1></c>"
00:01:42.086,00:01:42.286,-1,0,"<1></c><3>まわりを</c><2>まきこむそんなひつじにいま</c><1></c>"
00:01:42.086,00:01:42.286,-1,-1,"<1></c><3>周りを</c><2>巻き込むそんな羊に今</c><1></c>"
00:01:42.086,00:01:42.286,-1,-1,"<1></c><3>周りを</c><2>巻き込むそんな羊に今</c><1></c>"
00:01:42.286,00:01:42.519,-1,0,"<1></c><3>まわりをま</c><2>きこむそんなひつじにいま</c><1></c>"
00:01:42.286,00:01:42.519,-1,0,"<1></c><3>まわりをま</c><2>きこむそんなひつじにいま</c><1></c>"
00:01:42.286,00:01:42.519,-1,-1,"<1></c><3>周りを巻</c><2>き込むそんな羊に今</c><1></c>"
00:01:42.286,00:01:42.519,-1,-1,"<1></c><3>周りを巻</c><2>き込むそんな羊に今</c><1></c>"
00:01:42.519,00:01:42.619,-1,0,"<1></c><3>まわりをまき</c><2>こむそんなひつじにいま</c><1></c>"
00:01:42.519,00:01:42.619,-1,0,"<1></c><3>まわりをまき</c><2>こむそんなひつじにいま</c><1></c>"
00:01:42.519,00:01:42.619,-1,-1,"<1></c><3>周りを巻き</c><2>込むそんな羊に今</c><1></c>"
00:01:42.519,00:01:42.619,-1,-1,"<1></c><3>周りを巻き</c><2>込むそんな羊に今</c><1></c>"
00:01:42.619,00:01:42.953,-1,0,"<1></c><3>まわりをまきこ</c><2>むそんなひつじにいま</c><1></c>"
00:01:42.619,00:01:42.953,-1,0,"<1></c><3>まわりをまきこ</c><2>むそんなひつじにいま</c><1></c>"
00:01:42.619,00:01:42.953,-1,-1,"<1></c><3>周りを巻き込</c><2>むそんな羊に今</c><1></c>"
00:01:42.619,00:01:42.953,-1,-1,"<1></c><3>周りを巻き込</c><2>むそんな羊に今</c><1></c>"
00:01:42.953,00:01:43.353,-1,0,"<1></c><3>まわりをまきこむ</c><2>そんなひつじにいま</c><1></c>"
00:01:42.953,00:01:43.353,-1,0,"<1></c><3>まわりをまきこむ</c><2>そんなひつじにいま</c><1></c>"
00:01:42.953,00:01:43.353,-1,-1,"<1></c><3>周りを巻き込む</c><2>そんな羊に今</c><1></c>"
00:01:42.953,00:01:43.353,-1,-1,"<1></c><3>周りを巻き込む</c><2>そんな羊に今</c><1></c>"
00:01:43.353,00:01:43.487,-1,0,"<1></c><3>まわりをまきこむそ</c><2>んなひつじにいま</c><1></c>"
00:01:43.353,00:01:43.487,-1,0,"<1></c><3>まわりをまきこむそ</c><2>んなひつじにいま</c><1></c>"
00:01:43.353,00:01:43.487,-1,-1,"<1></c><3>周りを巻き込むそ</c><2>んな羊に今</c><1></c>"
00:01:43.353,00:01:43.487,-1,-1,"<1></c><3>周りを巻き込むそ</c><2>んな羊に今</c><1></c>"
00:01:43.487,00:01:43.587,-1,0,"<1></c><3>まわりをまきこむそん</c><2>なひつじにいま</c><1></c>"
00:01:43.487,00:01:43.587,-1,0,"<1></c><3>まわりをまきこむそん</c><2>なひつじにいま</c><1></c>"
00:01:43.487,00:01:43.587,-1,-1,"<1></c><3>周りを巻き込むそん</c><2>な羊に今</c><1></c>"
00:01:43.487,00:01:43.587,-1,-1,"<1></c><3>周りを巻き込むそん</c><2>な羊に今</c><1></c>"
00:01:43.587,00:01:43.821,-1,0,"<1></c><3>まわりをまきこむそんな</c><2>ひつじにいま</c><1></c>"
00:01:43.587,00:01:43.821,-1,0,"<1></c><3>まわりをまきこむそんな</c><2>ひつじにいま</c><1></c>"
00:01:43.587,00:01:43.821,-1,-1,"<1></c><3>周りを巻き込むそんな</c><2>羊に今</c><1></c>"
00:01:43.587,00:01:43.821,-1,-1,"<1></c><3>周りを巻き込むそんな</c><2>羊に今</c><1></c>"
00:01:43.821,00:01:44.021,-1,0,"<1></c><3>まわりをまきこむそんなひ</c><2>つじにいま</c><1></c>"
00:01:43.821,00:01:44.021,-1,0,"<1></c><3>まわりをまきこむそんなひ</c><2>つじにいま</c><1></c>"
00:01:43.821,00:01:44.021,-1,-1,"<1></c><3>周りを巻き込むそんな羊</c><2>に今</c><1></c>"
00:01:43.821,00:01:44.021,-1,-1,"<1></c><3>周りを巻き込むそんな羊</c><2>に今</c><1></c>"
00:01:44.021,00:01:44.221,-1,0,"<1></c><3>まわりをまきこむそんなひつ</c><2>じにいま</c><1></c>"
00:01:44.021,00:01:44.221,-1,0,"<1></c><3>まわりをまきこむそんなひつ</c><2>じにいま</c><1></c>"
00:01:44.021,00:01:44.221,-1,-1,"<1></c><3>周りを巻き込むそんな羊</c><2>に今</c><1></c>"
00:01:44.021,00:01:44.221,-1,-1,"<1></c><3>周りを巻き込むそんな羊</c><2>に今</c><1></c>"
00:01:44.221,00:01:44.688,-1,0,"<1></c><3>まわりをまきこむそんなひつじ</c><2>にいま</c><1></c>"
00:01:44.221,00:01:44.688,-1,0,"<1></c><3>まわりをまきこむそんなひつじ</c><2>にいま</c><1></c>"
00:01:44.221,00:01:44.688,-1,-1,"<1></c><3>周りを巻き込むそんな羊</c><2>に今</c><1></c>"
00:01:44.221,00:01:44.688,-1,-1,"<1></c><3>周りを巻き込むそんな羊</c><2>に今</c><1></c>"
00:01:44.688,00:01:44.888,-1,0,"<1></c><3>まわりをまきこむそんなひつじに</c><2>いま</c><1></c>"
00:01:44.688,00:01:44.888,-1,0,"<1></c><3>まわりをまきこむそんなひつじに</c><2>いま</c><1></c>"
00:01:44.688,00:01:44.888,-1,-1,"<1></c><3>周りを巻き込むそんな羊に</c><2>今</c><1></c>"
00:01:44.688,00:01:44.888,-1,-1,"<1></c><3>周りを巻き込むそんな羊に</c><2>今</c><1></c>"
00:01:44.888,00:01:45.122,-1,0,"<1></c><3>まわりをまきこむそんなひつじにい</c><2>ま</c><1></c>"
00:01:44.888,00:01:45.122,-1,0,"<1></c><3>まわりをまきこむそんなひつじにい</c><2>ま</c><1></c>"
00:01:44.888,00:01:45.756,-1,-1,"<1></c><3>周りを巻き込むそんな羊に今</c><1></c>"
00:01:44.888,00:01:45.756,-1,-1,"<1></c><3>周りを巻き込むそんな羊に今</c><1></c>"
00:01:45.122,00:01:45.756,-1,0,"<1></c><3>まわりをまきこむそんなひつじにいま</c><1></c>"
00:01:45.122,00:01:45.756,-1,0,"<1></c><3>まわりをまきこむそんなひつじにいま</c><1></c>"
00:01:45.756,00:01:45.889,-1,0,"<1></c><3>な</c><2>れるきがしたんだ</c><1></c>"
00:01:45.756,00:01:45.889,-1,0,"<1></c><3>な</c><2>れるきがしたんだ</c><1></c>"
00:01:45.756,00:01:45.889,-1,-1,"<1></c><3>な</c><2>れる気がしたんだ</c><1></c>"
00:01:45.756,00:01:45.889,-1,-1,"<1></c><3>な</c><2>れる気がしたんだ</c><1></c>"
00:01:45.889,00:01:45.956,-1,0,"<1></c><3>なれ</c><2>るきがしたんだ</c><1></c>"
00:01:45.889,00:01:45.956,-1,0,"<1></c><3>なれ</c><2>るきがしたんだ</c><1></c>"
00:01:45.889,00:01:45.956,-1,-1,"<1></c><3>なれ</c><2>る気がしたんだ</c><1></c>"
00:01:45.889,00:01:45.956,-1,-1,"<1></c><3>なれ</c><2>る気がしたんだ</c><1></c>"
00:01:45.956,00:01:46.090,-1,0,"<1></c><3>なれる</c><2>きがしたんだ</c><1></c>"
00:01:45.956,00:01:46.090,-1,0,"<1></c><3>なれる</c><2>きがしたんだ</c><1></c>"
00:01:45.956,00:01:46.090,-1,-1,"<1></c><3>なれる</c><2>気がしたんだ</c><1></c>"
00:01:45.956,00:01:46.090,-1,-1,"<1></c><3>なれる</c><2>気がしたんだ</c><1></c>"
00:01:46.090,00:01:46.423,-1,0,"<1></c><3>なれるき</c><2>がしたんだ</c><1></c>"
00:01:46.090,00:01:46.423,-1,0,"<1></c><3>なれるき</c><2>がしたんだ</c><1></c>"
00:01:46.090,00:01:46.423,-1,-1,"<1></c><3>なれる気</c><2>がしたんだ</c><1></c>"
00:01:46.090,00:01:46.423,-1,-1,"<1></c><3>なれる気</c><2>がしたんだ</c><1></c>"
00:01:46.423,00:01:46.557,-1,0,"<1></c><3>なれるきが</c><2>したんだ</c><1></c>"
00:01:46.423,00:01:46.557,-1,0,"<1></c><3>なれるきが</c><2>したんだ</c><1></c>"
00:01:46.423,00:01:46.557,-1,-1,"<1></c><3>なれる気が</c><2>したんだ</c><1></c>"
00:01:46.423,00:01:46.557,-1,-1,"<1></c><3>なれる気が</c><2>したんだ</c><1></c>"
00:01:46.557,00:01:46.623,-1,0,"<1></c><3>なれるきがし</c><2>たんだ</c><1></c>"
00:01:46.557,00:01:46.623,-1,0,"<1></c><3>なれるきがし</c><2>たんだ</c><1></c>"
00:01:46.557,00:01:46.623,-1,-1,"<1></c><3>なれる気がし</c><2>たんだ</c><1></c>"
00:01:46.557,00:01:46.623,-1,-1,"<1></c><3>なれる気がし</c><2>たんだ</c><1></c>"
00:01:46.623,00:01:46.890,-1,0,"<1></c><3>なれるきがした</c><2>んだ</c><1></c>"
00:01:46.623,00:01:46.890,-1,0,"<1></c><3>なれるきがした</c><2>んだ</c><1></c>"
00:01:46.623,00:01:46.890,-1,-1,"<1></c><3>なれる気がした</c><2>んだ</c><1></c>"
00:01:46.623,00:01:46.890,-1,-1,"<1></c><3>なれる気がした</c><2>んだ</c><1></c>"
00:01:46.890,00:01:46.990,-1,0,"<1></c><3>なれるきがしたん</c><2>だ</c><1></c>"
00:01:46.890,00:01:46.990,-1,0,"<1></c><3>なれるきがしたん</c><2>だ</c><1></c>"
00:01:46.890,00:01:46.990,-1,-1,"<1></c><3>なれる気がしたん</c><2>だ</c><1></c>"
00:01:46.890,00:01:46.990,-1,-1,"<1></c><3>なれる気がしたん</c><2>だ</c><1></c>"
00:01:46.990,00:01:47.958,-1,0,"<1></c><3>なれるきがしたんだ</c><1></c>"
00:01:46.990,00:01:47.958,-1,0,"<1></c><3>なれるきがしたんだ</c><1></c>"
00:01:46.990,00:01:47.958,-1,-1,"<1></c><3>なれる気がしたんだ</c><1></c>"
00:01:46.990,00:01:47.958,-1,-1,"<1></c><3>なれる気がしたんだ</c><1></c>"
00:01:48.625,00:01:48.826,-1,0,"<1></c><3>あ</c><2>したをむかえたくないひも</c><1></c>"
00:01:48.625,00:01:48.826,-1,0,"<1></c><3>あ</c><2>したをむかえたくないひも</c><1></c>"
00:01:48.625,00:01:48.826,-1,-1,"<1></c><3>明</c><2>日を迎えたくない日も</c><1></c>"
00:01:48.625,00:01:48.826,-1,-1,"<1></c><3>明</c><2>日を迎えたくない日も</c><1></c>"
00:01:48.826,00:01:49.293,-1,0,"<1></c><3>あし</c><2>たをむかえたくないひも</c><1></c>"
00:01:48.826,00:01:49.293,-1,0,"<1></c><3>あし</c><2>たをむかえたくないひも</c><1></c>"
00:01:48.826,00:01:49.293,-1,-1,"<1></c><3>明</c><2>日を迎えたくない日も</c><1></c>"
00:01:48.826,00:01:49.293,-1,-1,"<1></c><3>明</c><2>日を迎えたくない日も</c><1></c>"
00:01:49.293,00:01:49.726,-1,0,"<1></c><3>あした</c><2>をむかえたくないひも</c><1></c>"
00:01:49.293,00:01:49.726,-1,0,"<1></c><3>あした</c><2>をむかえたくないひも</c><1></c>"
00:01:49.293,00:01:49.726,-1,-1,"<1></c><3>明日</c><2>を迎えたくない日も</c><1></c>"
00:01:49.293,00:01:49.726,-1,-1,"<1></c><3>明日</c><2>を迎えたくない日も</c><1></c>"
00:01:49.726,00:01:49.860,-1,0,"<1></c><3>あしたを</c><2>むかえたくないひも</c><1></c>"
00:01:49.726,00:01:49.860,-1,0,"<1></c><3>あしたを</c><2>むかえたくないひも</c><1></c>"
00:01:49.726,00:01:49.860,-1,-1,"<1></c><3>明日を</c><2>迎えたくない日も</c><1></c>"
00:01:49.726,00:01:49.860,-1,-1,"<1></c><3>明日を</c><2>迎えたくない日も</c><1></c>"
00:01:49.860,00:01:50.060,-1,0,"<1></c><3>あしたをむ</c><2>かえたくないひも</c><1></c>"
00:01:49.860,00:01:50.060,-1,0,"<1></c><3>あしたをむ</c><2>かえたくないひも</c><1></c>"
00:01:49.860,00:01:50.060,-1,-1,"<1></c><3>明日を迎</c><2>えたくない日も</c><1></c>"
00:01:49.860,00:01:50.060,-1,-1,"<1></c><3>明日を迎</c><2>えたくない日も</c><1></c>"
00:01:50.060,00:01:50.394,-1,0,"<1></c><3>あしたをむか</c><2>えたくないひも</c><1></c>"
00:01:50.060,00:01:50.394,-1,0,"<1></c><3>あしたをむか</c><2>えたくないひも</c><1></c>"
00:01:50.060,00:01:50.394,-1,-1,"<1></c><3>明日を迎</c><2>えたくない日も</c><1></c>"
00:01:50.060,00:01:50.394,-1,-1,"<1></c><3>明日を迎</c><2>えたくない日も</c><1></c>"
00:01:50.394,00:01:50.594,-1,0,"<1></c><3>あしたをむかえ</c><2>たくないひも</c><1></c>"
00:01:50.394,00:01:50.594,-1,0,"<1></c><3>あしたをむかえ</c><2>たくないひも</c><1></c>"
00:01:50.394,00:01:50.594,-1,-1,"<1></c><3>明日を迎え</c><2>たくない日も</c><1></c>"
00:01:50.394,00:01:50.594,-1,-1,"<1></c><3>明日を迎え</c><2>たくない日も</c><1></c>"
00:01:50.594,00:01:50.794,-1,0,"<1></c><3>あしたをむかえた</c><2>くないひも</c><1></c>"
00:01:50.594,00:01:50.794,-1,0,"<1></c><3>あしたをむかえた</c><2>くないひも</c><1></c>"
00:01:50.594,00:01:50.794,-1,-1,"<1></c><3>明日を迎えた</c><2>くない日も</c><1></c>"
00:01:50.594,00:01:50.794,-1,-1,"<1></c><3>明日を迎えた</c><2>くない日も</c><1></c>"
00:01:50.794,00:01:50.928,-1,0,"<1></c><3>あしたをむかえたく</c><2>ないひも</c><1></c>"
00:01:50.794,00:01:50.928,-1,0,"<1></c><3>あしたをむかえたく</c><2>ないひも</c><1></c>"
00:01:50.794,00:01:50.928,-1,-1,"<1></c><3>明日を迎えたく</c><2>ない日も</c><1></c>"
00:01:50.794,00:01:50.928,-1,-1,"<1></c><3>明日を迎えたく</c><2>ない日も</c><1></c>"
00:01:50.928,00:01:51.161,-1,0,"<1></c><3>あしたをむかえたくな</c><2>いひも</c><1></c>"
00:01:50.928,00:01:51.161,-1,0,"<1></c><3>あしたをむかえたくな</c><2>いひも</c><1></c>"
00:01:50.928,00:01:51.161,-1,-1,"<1></c><3>明日を迎えたくな</c><2>い日も</c><1></c>"
00:01:50.928,00:01:51.161,-1,-1,"<1></c><3>明日を迎えたくな</c><2>い日も</c><1></c>"
00:01:51.161,00:01:51.361,-1,0,"<1></c><3>あしたをむかえたくない</c><2>ひも</c><1></c>"
00:01:51.161,00:01:51.361,-1,0,"<1></c><3>あしたをむかえたくない</c><2>ひも</c><1></c>"
00:01:51.161,00:01:51.361,-1,-1,"<1></c><3>明日を迎えたくない</c><2>日も</c><1></c>"
00:01:51.161,00:01:51.361,-1,-1,"<1></c><3>明日を迎えたくない</c><2>日も</c><1></c>"
00:01:51.361,00:01:51.695,-1,0,"<1></c><3>あしたをむかえたくないひ</c><2>も</c><1></c>"
00:01:51.361,00:01:51.695,-1,0,"<1></c><3>あしたをむかえたくないひ</c><2>も</c><1></c>"
00:01:51.361,00:01:51.695,-1,-1,"<1></c><3>明日を迎えたくない日</c><2>も</c><1></c>"
00:01:51.361,00:01:51.695,-1,-1,"<1></c><3>明日を迎えたくない日</c><2>も</c><1></c>"
00:01:51.695,00:01:52.296,-1,0,"<1></c><3>あしたをむかえたくないひも</c><1></c>"
00:01:51.695,00:01:52.296,-1,0,"<1></c><3>あしたをむかえたくないひも</c><1></c>"
00:01:51.695,00:01:52.296,-1,-1,"<1></c><3>明日を迎えたくない日も</c><1></c>"
00:01:51.695,00:01:52.296,-1,-1,"<1></c><3>明日を迎えたくない日も</c><1></c>"
00:01:52.296,00:01:52.729,-1,0,"<1></c><3>あ</c><2>んにゅいなあさもひるもよるも</c><1></c>"
00:01:52.296,00:01:52.729,-1,0,"<1></c><3>あ</c><2>んにゅいなあさもひるもよるも</c><1></c>"
00:01:52.296,00:01:52.729,-1,-1,"<1></c><3>ア</c><2>ンニュイな朝も昼も夜も</c><1></c>"
00:01:52.296,00:01:52.729,-1,-1,"<1></c><3>ア</c><2>ンニュイな朝も昼も夜も</c><1></c>"
00:01:52.729,00:01:53.163,-1,0,"<1></c><3>あん</c><2>にゅいなあさもひるもよるも</c><1></c>"
00:01:52.729,00:01:53.163,-1,0,"<1></c><3>あん</c><2>にゅいなあさもひるもよるも</c><1></c>"
00:01:52.729,00:01:53.163,-1,-1,"<1></c><3>アン</c><2>ニュイな朝も昼も夜も</c><1></c>"
00:01:52.729,00:01:53.163,-1,-1,"<1></c><3>アン</c><2>ニュイな朝も昼も夜も</c><1></c>"
00:01:53.163,00:01:53.297,-1,0,"<1></c><3>あんにゅ</c><2>いなあさもひるもよるも</c><1></c>"
00:01:53.163,00:01:53.297,-1,0,"<1></c><3>あんにゅ</c><2>いなあさもひるもよるも</c><1></c>"
00:01:53.163,00:01:53.297,-1,-1,"<1></c><3>アンニュ</c><2>イな朝も昼も夜も</c><1></c>"
00:01:53.163,00:01:53.297,-1,-1,"<1></c><3>アンニュ</c><2>イな朝も昼も夜も</c><1></c>"
00:01:53.297,00:01:53.497,-1,0,"<1></c><3>あんにゅい</c><2>なあさもひるもよるも</c><1></c>"
00:01:53.297,00:01:53.497,-1,0,"<1></c><3>あんにゅい</c><2>なあさもひるもよるも</c><1></c>"
00:01:53.297,00:01:53.497,-1,-1,"<1></c><3>アンニュイ</c><2>な朝も昼も夜も</c><1></c>"
00:01:53.297,00:01:53.497,-1,-1,"<1></c><3>アンニュイ</c><2>な朝も昼も夜も</c><1></c>"
00:01:53.497,00:01:53.831,-1,0,"<1></c><3>あんにゅいな</c><2>あさもひるもよるも</c><1></c>"
00:01:53.497,00:01:53.831,-1,0,"<1></c><3>あんにゅいな</c><2>あさもひるもよるも</c><1></c>"
00:01:53.497,00:01:53.831,-1,-1,"<1></c><3>アンニュイな</c><2>朝も昼も夜も</c><1></c>"
00:01:53.497,00:01:53.831,-1,-1,"<1></c><3>アンニュイな</c><2>朝も昼も夜も</c><1></c>"
00:01:53.831,00:01:54.031,-1,0,"<1></c><3>あんにゅいなあ</c><2>さもひるもよるも</c><1></c>"
00:01:53.831,00:01:54.031,-1,0,"<1></c><3>あんにゅいなあ</c><2>さもひるもよるも</c><1></c>"
00:01:53.831,00:01:54.031,-1,-1,"<1></c><3>アンニュイな朝</c><2>も昼も夜も</c><1></c>"
00:01:53.831,00:01:54.031,-1,-1,"<1></c><3>アンニュイな朝</c><2>も昼も夜も</c><1></c>"
00:01:54.031,00:01:54.231,-1,0,"<1></c><3>あんにゅいなあさ</c><2>もひるもよるも</c><1></c>"
00:01:54.031,00:01:54.231,-1,0,"<1></c><3>あんにゅいなあさ</c><2>もひるもよるも</c><1></c>"
00:01:54.031,00:01:54.231,-1,-1,"<1></c><3>アンニュイな朝</c><2>も昼も夜も</c><1></c>"
00:01:54.031,00:01:54.231,-1,-1,"<1></c><3>アンニュイな朝</c><2>も昼も夜も</c><1></c>"
00:01:54.231,00:01:54.364,-1,0,"<1></c><3>あんにゅいなあさも</c><2>ひるもよるも</c><1></c>"
00:01:54.231,00:01:54.364,-1,0,"<1></c><3>あんにゅいなあさも</c><2>ひるもよるも</c><1></c>"
00:01:54.231,00:01:54.364,-1,-1,"<1></c><3>アンニュイな朝も</c><2>昼も夜も</c><1></c>"
00:01:54.231,00:01:54.364,-1,-1,"<1></c><3>アンニュイな朝も</c><2>昼も夜も</c><1></c>"
00:01:54.364,00:01:54.565,-1,0,"<1></c><3>あんにゅいなあさもひ</c><2>るもよるも</c><1></c>"
00:01:54.364,00:01:54.565,-1,0,"<1></c><3>あんにゅいなあさもひ</c><2>るもよるも</c><1></c>"
00:01:54.364,00:01:54.565,-1,-1,"<1></c><3>アンニュイな朝も昼</c><2>も夜も</c><1></c>"
00:01:54.364,00:01:54.565,-1,-1,"<1></c><3>アンニュイな朝も昼</c><2>も夜も</c><1></c>"
00:01:54.565,00:01:54.798,-1,0,"<1></c><3>あんにゅいなあさもひる</c><2>もよるも</c><1></c>"
00:01:54.565,00:01:54.798,-1,0,"<1></c><3>あんにゅいなあさもひる</c><2>もよるも</c><1></c>"
00:01:54.565,00:01:54.798,-1,-1,"<1></c><3>アンニュイな朝も昼</c><2>も夜も</c><1></c>"
00:01:54.565,00:01:54.798,-1,-1,"<1></c><3>アンニュイな朝も昼</c><2>も夜も</c><1></c>"
00:01:54.798,00:01:55.332,-1,0,"<1></c><3>あんにゅいなあさもひるも</c><2>よるも</c><1></c>"
00:01:54.798,00:01:55.332,-1,0,"<1></c><3>あんにゅいなあさもひるも</c><2>よるも</c><1></c>"
00:01:54.798,00:01:55.332,-1,-1,"<1></c><3>アンニュイな朝も昼も</c><2>夜も</c><1></c>"
00:01:54.798,00:01:55.332,-1,-1,"<1></c><3>アンニュイな朝も昼も</c><2>夜も</c><1></c>"
00:01:55.332,00:01:55.466,-1,0,"<1></c><3>あんにゅいなあさもひるもよ</c><2>るも</c><1></c>"
00:01:55.332,00:01:55.466,-1,0,"<1></c><3>あんにゅいなあさもひるもよ</c><2>るも</c><1></c>"
00:01:55.332,00:01:55.466,-1,-1,"<1></c><3>アンニュイな朝も昼も夜</c><2>も</c><1></c>"
00:01:55.332,00:01:55.466,-1,-1,"<1></c><3>アンニュイな朝も昼も夜</c><2>も</c><1></c>"
00:01:55.466,00:01:55.566,-1,0,"<1></c><3>あんにゅいなあさもひるもよる</c><2>も</c><1></c>"
00:01:55.466,00:01:55.566,-1,0,"<1></c><3>あんにゅいなあさもひるもよる</c><2>も</c><1></c>"
00:01:55.466,00:01:55.566,-1,-1,"<1></c><3>アンニュイな朝も昼も夜</c><2>も</c><1></c>"
00:01:55.466,00:01:55.566,-1,-1,"<1></c><3>アンニュイな朝も昼も夜</c><2>も</c><1></c>"
00:01:55.566,00:01:56.033,-1,0,"<1></c><3>あんにゅいなあさもひるもよるも</c><1></c>"
00:01:55.566,00:01:56.033,-1,0,"<1></c><3>あんにゅいなあさもひるもよるも</c><1></c>"
00:01:55.566,00:01:56.033,-1,-1,"<1></c><3>アンニュイな朝も昼も夜も</c><1></c>"
00:01:55.566,00:01:56.033,-1,-1,"<1></c><3>アンニュイな朝も昼も夜も</c><1></c>"
00:01:56.033,00:01:56.133,-1,0,"<1></c><3>は</c><2>んぶんこしてたべあってゆめみよう</c><1></c>"
00:01:56.033,00:01:56.133,-1,0,"<1></c><3>は</c><2>んぶんこしてたべあってゆめみよう</c><1></c>"
00:01:56.033,00:01:56.133,-1,-1,"<1></c><3>半</c><2>分こして食べ合って夢見よう</c><1></c>"
00:01:56.033,00:01:56.133,-1,-1,"<1></c><3>半</c><2>分こして食べ合って夢見よう</c><1></c>"
00:01:56.133,00:01:56.233,-1,0,"<1></c><3>はん</c><2>ぶんこしてたべあってゆめみよう</c><1></c>"
00:01:56.133,00:01:56.233,-1,0,"<1></c><3>はん</c><2>ぶんこしてたべあってゆめみよう</c><1></c>"
00:01:56.133,00:01:56.233,-1,-1,"<1></c><3>半</c><2>分こして食べ合って夢見よう</c><1></c>"
00:01:56.133,00:01:56.233,-1,-1,"<1></c><3>半</c><2>分こして食べ合って夢見よう</c><1></c>"
00:01:56.233,00:01:56.366,-1,0,"<1></c><3>はんぶ</c><2>んこしてたべあってゆめみよう</c><1></c>"
00:01:56.233,00:01:56.366,-1,0,"<1></c><3>はんぶ</c><2>んこしてたべあってゆめみよう</c><1></c>"
00:01:56.233,00:01:56.366,-1,-1,"<1></c><3>半分</c><2>こして食べ合って夢見よう</c><1></c>"
00:01:56.233,00:01:56.366,-1,-1,"<1></c><3>半分</c><2>こして食べ合って夢見よう</c><1></c>"
00:01:56.366,00:01:56.433,-1,0,"<1></c><3>はんぶん</c><2>こしてたべあってゆめみよう</c><1></c>"
00:01:56.366,00:01:56.433,-1,0,"<1></c><3>はんぶん</c><2>こしてたべあってゆめみよう</c><1></c>"
00:01:56.366,00:01:56.433,-1,-1,"<1></c><3>半分</c><2>こして食べ合って夢見よう</c><1></c>"
00:01:56.366,00:01:56.433,-1,-1,"<1></c><3>半分</c><2>こして食べ合って夢見よう</c><1></c>"
00:01:56.433,00:01:56.567,-1,0,"<1></c><3>はんぶんこ</c><2>してたべあってゆめみよう</c><1></c>"
00:01:56.433,00:01:56.567,-1,0,"<1></c><3>はんぶんこ</c><2>してたべあってゆめみよう</c><1></c>"
00:01:56.433,00:01:56.567,-1,-1,"<1></c><3>半分こ</c><2>して食べ合って夢見よう</c><1></c>"
00:01:56.433,00:01:56.567,-1,-1,"<1></c><3>半分こ</c><2>して食べ合って夢見よう</c><1></c>"
00:01:56.567,00:01:56.667,-1,0,"<1></c><3>はんぶんこし</c><2>てたべあってゆめみよう</c><1></c>"
00:01:56.567,00:01:56.667,-1,0,"<1></c><3>はんぶんこし</c><2>てたべあってゆめみよう</c><1></c>"
00:01:56.567,00:01:56.667,-1,-1,"<1></c><3>半分こし</c><2>て食べ合って夢見よう</c><1></c>"
00:01:56.567,00:01:56.667,-1,-1,"<1></c><3>半分こし</c><2>て食べ合って夢見よう</c><1></c>"
00:01:56.667,00:01:56.900,-1,0,"<1></c><3>はんぶんこして</c><2>たべあってゆめみよう</c><1></c>"
00:01:56.667,00:01:56.900,-1,0,"<1></c><3>はんぶんこして</c><2>たべあってゆめみよう</c><1></c>"
00:01:56.667,00:01:56.900,-1,-1,"<1></c><3>半分こして</c><2>食べ合って夢見よう</c><1></c>"
00:01:56.667,00:01:56.900,-1,-1,"<1></c><3>半分こして</c><2>食べ合って夢見よう</c><1></c>"
00:01:56.900,00:01:57.000,-1,0,"<1></c><3>はんぶんこしてた</c><2>べあってゆめみよう</c><1></c>"
00:01:56.900,00:01:57.000,-1,0,"<1></c><3>はんぶんこしてた</c><2>べあってゆめみよう</c><1></c>"
00:01:56.900,00:01:57.000,-1,-1,"<1></c><3>半分こして食</c><2>べ合って夢見よう</c><1></c>"
00:01:56.900,00:01:57.000,-1,-1,"<1></c><3>半分こして食</c><2>べ合って夢見よう</c><1></c>"
00:01:57.000,00:01:57.234,-1,0,"<1></c><3>はんぶんこしてたべ</c><2>あってゆめみよう</c><1></c>"
00:01:57.000,00:01:57.234,-1,0,"<1></c><3>はんぶんこしてたべ</c><2>あってゆめみよう</c><1></c>"
00:01:57.000,00:01:57.234,-1,-1,"<1></c><3>半分こして食べ</c><2>合って夢見よう</c><1></c>"
00:01:57.000,00:01:57.234,-1,-1,"<1></c><3>半分こして食べ</c><2>合って夢見よう</c><1></c>"
00:01:57.234,00:01:57.334,-1,0,"<1></c><3>はんぶんこしてたべあ</c><2>ってゆめみよう</c><1></c>"
00:01:57.234,00:01:57.334,-1,0,"<1></c><3>はんぶんこしてたべあ</c><2>ってゆめみよう</c><1></c>"
00:01:57.234,00:01:57.334,-1,-1,"<1></c><3>半分こして食べ合</c><2>って夢見よう</c><1></c>"
00:01:57.234,00:01:57.334,-1,-1,"<1></c><3>半分こして食べ合</c><2>って夢見よう</c><1></c>"
00:01:57.334,00:01:57.434,-1,0,"<1></c><3>はんぶんこしてたべあっ</c><2>てゆめみよう</c><1></c>"
00:01:57.334,00:01:57.434,-1,0,"<1></c><3>はんぶんこしてたべあっ</c><2>てゆめみよう</c><1></c>"
00:01:57.334,00:01:57.434,-1,-1,"<1></c><3>半分こして食べ合っ</c><2>て夢見よう</c><1></c>"
00:01:57.334,00:01:57.434,-1,-1,"<1></c><3>半分こして食べ合っ</c><2>て夢見よう</c><1></c>"
00:01:57.434,00:01:57.734,-1,0,"<1></c><3>はんぶんこしてたべあって</c><2>ゆめみよう</c><1></c>"
00:01:57.434,00:01:57.734,-1,0,"<1></c><3>はんぶんこしてたべあって</c><2>ゆめみよう</c><1></c>"
00:01:57.434,00:01:57.734,-1,-1,"<1></c><3>半分こして食べ合って</c><2>夢見よう</c><1></c>"
00:01:57.434,00:01:57.734,-1,-1,"<1></c><3>半分こして食べ合って</c><2>夢見よう</c><1></c>"
00:01:57.734,00:01:57.968,-1,0,"<1></c><3>はんぶんこしてたべあってゆ</c><2>めみよう</c><1></c>"
00:01:57.734,00:01:57.968,-1,0,"<1></c><3>はんぶんこしてたべあってゆ</c><2>めみよう</c><1></c>"
00:01:57.734,00:01:57.968,-1,-1,"<1></c><3>半分こして食べ合って夢</c><2>見よう</c><1></c>"
00:01:57.734,00:01:57.968,-1,-1,"<1></c><3>半分こして食べ合って夢</c><2>見よう</c><1></c>"
00:01:57.968,00:01:58.202,-1,0,"<1></c><3>はんぶんこしてたべあってゆめ</c><2>みよう</c><1></c>"
00:01:57.968,00:01:58.202,-1,0,"<1></c><3>はんぶんこしてたべあってゆめ</c><2>みよう</c><1></c>"
00:01:57.968,00:01:58.202,-1,-1,"<1></c><3>半分こして食べ合って夢</c><2>見よう</c><1></c>"
00:01:57.968,00:01:58.202,-1,-1,"<1></c><3>半分こして食べ合って夢</c><2>見よう</c><1></c>"
00:01:58.202,00:01:58.302,-1,0,"<1></c><3>はんぶんこしてたべあってゆめみ</c><2>よう</c><1></c>"
00:01:58.202,00:01:58.302,-1,0,"<1></c><3>はんぶんこしてたべあってゆめみ</c><2>よう</c><1></c>"
00:01:58.202,00:01:58.302,-1,-1,"<1></c><3>半分こして食べ合って夢見</c><2>よう</c><1></c>"
00:01:58.202,00:01:58.302,-1,-1,"<1></c><3>半分こして食べ合って夢見</c><2>よう</c><1></c>"
00:01:58.302,00:01:58.402,-1,0,"<1></c><3>はんぶんこしてたべあってゆめみよ</c><2>う</c><1></c>"
00:01:58.302,00:01:58.402,-1,0,"<1></c><3>はんぶんこしてたべあってゆめみよ</c><2>う</c><1></c>"
00:01:58.302,00:01:58.402,-1,-1,"<1></c><3>半分こして食べ合って夢見よ</c><2>う</c><1></c>"
00:01:58.302,00:01:58.402,-1,-1,"<1></c><3>半分こして食べ合って夢見よ</c><2>う</c><1></c>"
00:01:58.402,00:01:58.802,-1,0,"<1></c><3>はんぶんこしてたべあってゆめみよう</c><1></c>"
00:01:58.402,00:01:58.802,-1,0,"<1></c><3>はんぶんこしてたべあってゆめみよう</c><1></c>"
00:01:58.402,00:01:58.802,-1,-1,"<1></c><3>半分こして食べ合って夢見よう</c><1></c>"
00:01:58.402,00:01:58.802,-1,-1,"<1></c><3>半分こして食べ合って夢見よう</c><1></c>"
00:01:58.802,00:01:58.936,-1,0,"<1></c><3>こ</c><2>のままいっしょによるにとけて</c><1></c>"
00:01:58.802,00:01:58.936,-1,0,"<1></c><3>こ</c><2>のままいっしょによるにとけて</c><1></c>"
00:01:58.802,00:01:58.936,-1,-1,"<1></c><3>こ</c><2>のまま一緒に夜に溶けて</c><1></c>"
00:01:58.802,00:01:58.936,-1,-1,"<1></c><3>こ</c><2>のまま一緒に夜に溶けて</c><1></c>"
00:01:58.936,00:01:59.036,-1,0,"<1></c><3>この</c><2>ままいっしょによるにとけて</c><1></c>"
00:01:58.936,00:01:59.036,-1,0,"<1></c><3>この</c><2>ままいっしょによるにとけて</c><1></c>"
00:01:58.936,00:01:59.036,-1,-1,"<1></c><3>この</c><2>まま一緒に夜に溶けて</c><1></c>"
00:01:58.936,00:01:59.036,-1,-1,"<1></c><3>この</c><2>まま一緒に夜に溶けて</c><1></c>"
00:01:59.036,00:01:59.136,-1,0,"<1></c><3>このま</c><2>まいっしょによるにとけて</c><1></c>"
00:01:59.036,00:01:59.136,-1,0,"<1></c><3>このま</c><2>まいっしょによるにとけて</c><1></c>"
00:01:59.036,00:01:59.136,-1,-1,"<1></c><3>このま</c><2>ま一緒に夜に溶けて</c><1></c>"
00:01:59.036,00:01:59.136,-1,-1,"<1></c><3>このま</c><2>ま一緒に夜に溶けて</c><1></c>"
00:01:59.136,00:01:59.670,-1,0,"<1></c><3>このまま</c><2>いっしょによるにとけて</c><1></c>"
00:01:59.136,00:01:59.670,-1,0,"<1></c><3>このまま</c><2>いっしょによるにとけて</c><1></c>"
00:01:59.136,00:01:59.670,-1,-1,"<1></c><3>このまま</c><2>一緒に夜に溶けて</c><1></c>"
00:01:59.136,00:01:59.670,-1,-1,"<1></c><3>このまま</c><2>一緒に夜に溶けて</c><1></c>"
00:01:59.670,00:01:59.803,-1,0,"<1></c><3>このままい</c><2>っしょによるにとけて</c><1></c>"
00:01:59.670,00:01:59.803,-1,0,"<1></c><3>このままい</c><2>っしょによるにとけて</c><1></c>"
00:01:59.670,00:01:59.803,-1,-1,"<1></c><3>このまま一</c><2>緒に夜に溶けて</c><1></c>"
00:01:59.670,00:01:59.803,-1,-1,"<1></c><3>このまま一</c><2>緒に夜に溶けて</c><1></c>"
00:01:59.803,00:01:59.903,-1,0,"<1></c><3>このままいっ</c><2>しょによるにとけて</c><1></c>"
00:01:59.803,00:01:59.903,-1,0,"<1></c><3>このままいっ</c><2>しょによるにとけて</c><1></c>"
00:01:59.803,00:01:59.903,-1,-1,"<1></c><3>このまま一</c><2>緒に夜に溶けて</c><1></c>"
00:01:59.803,00:01:59.903,-1,-1,"<1></c><3>このまま一</c><2>緒に夜に溶けて</c><1></c>"
00:01:59.903,00:02:00.003,-1,0,"<1></c><3>このままいっしょ</c><2>によるにとけて</c><1></c>"
00:01:59.903,00:02:00.003,-1,0,"<1></c><3>このままいっしょ</c><2>によるにとけて</c><1></c>"
00:01:59.903,00:02:00.003,-1,-1,"<1></c><3>このまま一緒</c><2>に夜に溶けて</c><1></c>"
00:01:59.903,00:02:00.003,-1,-1,"<1></c><3>このまま一緒</c><2>に夜に溶けて</c><1></c>"
00:02:00.003,00:02:00.537,-1,0,"<1></c><3>このままいっしょに</c><2>よるにとけて</c><1></c>"
00:02:00.003,00:02:00.537,-1,0,"<1></c><3>このままいっしょに</c><2>よるにとけて</c><1></c>"
00:02:00.003,00:02:00.537,-1,-1,"<1></c><3>このまま一緒に</c><2>夜に溶けて</c><1></c>"
00:02:00.003,00:02:00.537,-1,-1,"<1></c><3>このまま一緒に</c><2>夜に溶けて</c><1></c>"
00:02:00.537,00:02:00.771,-1,0,"<1></c><3>このままいっしょによ</c><2>るにとけて</c><1></c>"
00:02:00.537,00:02:00.771,-1,0,"<1></c><3>このままいっしょによ</c><2>るにとけて</c><1></c>"
00:02:00.537,00:02:00.771,-1,-1,"<1></c><3>このまま一緒に夜</c><2>に溶けて</c><1></c>"
00:02:00.537,00:02:00.771,-1,-1,"<1></c><3>このまま一緒に夜</c><2>に溶けて</c><1></c>"
00:02:00.771,00:02:00.871,-1,0,"<1></c><3>このままいっしょによる</c><2>にとけて</c><1></c>"
00:02:00.771,00:02:00.871,-1,0,"<1></c><3>このままいっしょによる</c><2>にとけて</c><1></c>"
00:02:00.771,00:02:00.871,-1,-1,"<1></c><3>このまま一緒に夜</c><2>に溶けて</c><1></c>"
00:02:00.771,00:02:00.871,-1,-1,"<1></c><3>このまま一緒に夜</c><2>に溶けて</c><1></c>"
00:02:00.871,00:02:01.438,-1,0,"<1></c><3>このままいっしょによるに</c><2>とけて</c><1></c>"
00:02:00.871,00:02:01.438,-1,0,"<1></c><3>このままいっしょによるに</c><2>とけて</c><1></c>"
00:02:00.871,00:02:01.438,-1,-1,"<1></c><3>このまま一緒に夜に</c><2>溶けて</c><1></c>"
00:02:00.871,00:02:01.438,-1,-1,"<1></c><3>このまま一緒に夜に</c><2>溶けて</c><1></c>"
00:02:01.438,00:02:01.638,-1,0,"<1></c><3>このままいっしょによるにと</c><2>けて</c><1></c>"
00:02:01.438,00:02:01.638,-1,0,"<1></c><3>このままいっしょによるにと</c><2>けて</c><1></c>"
00:02:01.438,00:02:01.638,-1,-1,"<1></c><3>このまま一緒に夜に溶</c><2>けて</c><1></c>"
00:02:01.438,00:02:01.638,-1,-1,"<1></c><3>このまま一緒に夜に溶</c><2>けて</c><1></c>"
00:02:01.638,00:02:01.772,-1,0,"<1></c><3>このままいっしょによるにとけ</c><2>て</c><1></c>"
00:02:01.638,00:02:01.772,-1,0,"<1></c><3>このままいっしょによるにとけ</c><2>て</c><1></c>"
00:02:01.638,00:02:01.772,-1,-1,"<1></c><3>このまま一緒に夜に溶け</c><2>て</c><1></c>"
00:02:01.638,00:02:01.772,-1,-1,"<1></c><3>このまま一緒に夜に溶け</c><2>て</c><1></c>"
00:02:01.772,00:02:02.639,-1,0,"<1></c><3>このままいっしょによるにとけて</c><1></c>"
00:02:01.772,00:02:02.639,-1,0,"<1></c><3>このままいっしょによるにとけて</c><1></c>"
00:02:01.772,00:02:02.639,-1,-1,"<1></c><3>このまま一緒に夜に溶けて</c><1></c>"
00:02:01.772,00:02:02.639,-1,-1,"<1></c><3>このまま一緒に夜に溶けて</c><1></c>"
00:02:20.157,00:02:20.591,-1,0,"<1></c><3>き</c><2>みとであってじしんをとりもどして</c><1></c>"
00:02:20.157,00:02:20.591,-1,0,"<1></c><3>き</c><2>みとであってじしんをとりもどして</c><1></c>"
00:02:20.157,00:02:20.591,-1,-1,"<1></c><3>君</c><2>と出会って自信を取り戻して</c><1></c>"
00:02:20.157,00:02:20.591,-1,-1,"<1></c><3>君</c><2>と出会って自信を取り戻して</c><1></c>"
00:02:20.591,00:02:21.024,-1,0,"<1></c><3>きみ</c><2>とであってじしんをとりもどして</c><1></c>"
00:02:20.591,00:02:21.024,-1,0,"<1></c><3>きみ</c><2>とであってじしんをとりもどして</c><1></c>"
00:02:20.591,00:02:21.024,-1,-1,"<1></c><3>君</c><2>と出会って自信を取り戻して</c><1></c>"
00:02:20.591,00:02:21.024,-1,-1,"<1></c><3>君</c><2>と出会って自信を取り戻して</c><1></c>"
00:02:21.024,00:02:21.458,-1,0,"<1></c><3>きみと</c><2>であってじしんをとりもどして</c><1></c>"
00:02:21.024,00:02:21.458,-1,0,"<1></c><3>きみと</c><2>であってじしんをとりもどして</c><1></c>"
00:02:21.024,00:02:21.458,-1,-1,"<1></c><3>君と</c><2>出会って自信を取り戻して</c><1></c>"
00:02:21.024,00:02:21.458,-1,-1,"<1></c><3>君と</c><2>出会って自信を取り戻して</c><1></c>"
00:02:21.458,00:02:21.925,-1,0,"<1></c><3>きみとで</c><2>あってじしんをとりもどして</c><1></c>"
00:02:21.458,00:02:21.925,-1,0,"<1></c><3>きみとで</c><2>あってじしんをとりもどして</c><1></c>"
00:02:21.458,00:02:21.925,-1,-1,"<1></c><3>君と出</c><2>会って自信を取り戻して</c><1></c>"
00:02:21.458,00:02:21.925,-1,-1,"<1></c><3>君と出</c><2>会って自信を取り戻して</c><1></c>"
00:02:21.925,00:02:22.559,-1,0,"<1></c><3>きみとであ</c><2>ってじしんをとりもどして</c><1></c>"
00:02:21.925,00:02:22.559,-1,0,"<1></c><3>きみとであ</c><2>ってじしんをとりもどして</c><1></c>"
00:02:21.925,00:02:22.559,-1,-1,"<1></c><3>君と出会</c><2>って自信を取り戻して</c><1></c>"
00:02:21.925,00:02:22.559,-1,-1,"<1></c><3>君と出会</c><2>って自信を取り戻して</c><1></c>"
00:02:22.559,00:02:22.793,-1,0,"<1></c><3>きみとであっ</c><2>てじしんをとりもどして</c><1></c>"
00:02:22.559,00:02:22.793,-1,0,"<1></c><3>きみとであっ</c><2>てじしんをとりもどして</c><1></c>"
00:02:22.559,00:02:22.793,-1,-1,"<1></c><3>君と出会っ</c><2>て自信を取り戻して</c><1></c>"
00:02:22.559,00:02:22.793,-1,-1,"<1></c><3>君と出会っ</c><2>て自信を取り戻して</c><1></c>"
00:02:22.793,00:02:23.360,-1,0,"<1></c><3>きみとであって</c><2>じしんをとりもどして</c><1></c>"
00:02:22.793,00:02:23.360,-1,0,"<1></c><3>きみとであって</c><2>じしんをとりもどして</c><1></c>"
00:02:22.793,00:02:23.360,-1,-1,"<1></c><3>君と出会って</c><2>自信を取り戻して</c><1></c>"
00:02:22.793,00:02:23.360,-1,-1,"<1></c><3>君と出会って</c><2>自信を取り戻して</c><1></c>"
00:02:23.360,00:02:23.627,-1,0,"<1></c><3>きみとであってじ</c><2>しんをとりもどして</c><1></c>"
00:02:23.360,00:02:23.627,-1,0,"<1></c><3>きみとであってじ</c><2>しんをとりもどして</c><1></c>"
00:02:23.360,00:02:23.627,-1,-1,"<1></c><3>君と出会って自</c><2>信を取り戻して</c><1></c>"
00:02:23.360,00:02:23.627,-1,-1,"<1></c><3>君と出会って自</c><2>信を取り戻して</c><1></c>"
00:02:23.627,00:02:24.294,-1,0,"<1></c><3>きみとであってじし</c><2>んをとりもどして</c><1></c>"
00:02:23.627,00:02:24.294,-1,0,"<1></c><3>きみとであってじし</c><2>んをとりもどして</c><1></c>"
00:02:23.627,00:02:24.294,-1,-1,"<1></c><3>君と出会って自信</c><2>を取り戻して</c><1></c>"
00:02:23.627,00:02:24.294,-1,-1,"<1></c><3>君と出会って自信</c><2>を取り戻して</c><1></c>"
00:02:24.294,00:02:24.528,-1,0,"<1></c><3>きみとであってじしん</c><2>をとりもどして</c><1></c>"
00:02:24.294,00:02:24.528,-1,0,"<1></c><3>きみとであってじしん</c><2>をとりもどして</c><1></c>"
00:02:24.294,00:02:24.528,-1,-1,"<1></c><3>君と出会って自信</c><2>を取り戻して</c><1></c>"
00:02:24.294,00:02:24.528,-1,-1,"<1></c><3>君と出会って自信</c><2>を取り戻して</c><1></c>"
00:02:24.528,00:02:25.162,-1,0,"<1></c><3>きみとであってじしんを</c><2>とりもどして</c><1></c>"
00:02:24.528,00:02:25.162,-1,0,"<1></c><3>きみとであってじしんを</c><2>とりもどして</c><1></c>"
00:02:24.528,00:02:25.162,-1,-1,"<1></c><3>君と出会って自信を</c><2>取り戻して</c><1></c>"
00:02:24.528,00:02:25.162,-1,-1,"<1></c><3>君と出会って自信を</c><2>取り戻して</c><1></c>"
00:02:25.162,00:02:25.362,-1,0,"<1></c><3>きみとであってじしんをと</c><2>りもどして</c><1></c>"
00:02:25.162,00:02:25.362,-1,0,"<1></c><3>きみとであってじしんをと</c><2>りもどして</c><1></c>"
00:02:25.162,00:02:25.362,-1,-1,"<1></c><3>君と出会って自信を取</c><2>り戻して</c><1></c>"
00:02:25.162,00:02:25.362,-1,-1,"<1></c><3>君と出会って自信を取</c><2>り戻して</c><1></c>"
00:02:25.362,00:02:25.796,-1,0,"<1></c><3>きみとであってじしんをとり</c><2>もどして</c><1></c>"
00:02:25.362,00:02:25.796,-1,0,"<1></c><3>きみとであってじしんをとり</c><2>もどして</c><1></c>"
00:02:25.362,00:02:25.796,-1,-1,"<1></c><3>君と出会って自信を取り</c><2>戻して</c><1></c>"
00:02:25.362,00:02:25.796,-1,-1,"<1></c><3>君と出会って自信を取り</c><2>戻して</c><1></c>"
00:02:25.796,00:02:25.929,-1,0,"<1></c><3>きみとであってじしんをとりも</c><2>どして</c><1></c>"
00:02:25.796,00:02:25.929,-1,0,"<1></c><3>きみとであってじしんをとりも</c><2>どして</c><1></c>"
00:02:25.796,00:02:25.929,-1,-1,"<1></c><3>君と出会って自信を取り戻</c><2>して</c><1></c>"
00:02:25.796,00:02:25.929,-1,-1,"<1></c><3>君と出会って自信を取り戻</c><2>して</c><1></c>"
00:02:25.929,00:02:26.063,-1,0,"<1></c><3>きみとであってじしんをとりもど</c><2>して</c><1></c>"
00:02:25.929,00:02:26.063,-1,0,"<1></c><3>きみとであってじしんをとりもど</c><2>して</c><1></c>"
00:02:25.929,00:02:26.063,-1,-1,"<1></c><3>君と出会って自信を取り戻</c><2>して</c><1></c>"
00:02:25.929,00:02:26.063,-1,-1,"<1></c><3>君と出会って自信を取り戻</c><2>して</c><1></c>"
00:02:26.063,00:02:26.263,-1,0,"<1></c><3>きみとであってじしんをとりもどし</c><2>て</c><1></c>"
00:02:26.063,00:02:26.263,-1,0,"<1></c><3>きみとであってじしんをとりもどし</c><2>て</c><1></c>"
00:02:26.063,00:02:26.263,-1,-1,"<1></c><3>君と出会って自信を取り戻し</c><2>て</c><1></c>"
00:02:26.063,00:02:26.263,-1,-1,"<1></c><3>君と出会って自信を取り戻し</c><2>て</c><1></c>"
00:02:26.263,00:02:27.097,-1,0,"<1></c><3>きみとであってじしんをとりもどして</c><1></c>"
00:02:26.263,00:02:27.097,-1,0,"<1></c><3>きみとであってじしんをとりもどして</c><1></c>"
00:02:26.263,00:02:27.097,-1,-1,"<1></c><3>君と出会って自信を取り戻して</c><1></c>"
00:02:26.263,00:02:27.097,-1,-1,"<1></c><3>君と出会って自信を取り戻して</c><1></c>"
00:02:27.097,00:02:27.531,-1,0,"<1></c><3>ど</c><2>ろまみれでもなんどもはしりだした</c><1></c>"
00:02:27.097,00:02:27.531,-1,0,"<1></c><3>ど</c><2>ろまみれでもなんどもはしりだした</c><1></c>"
00:02:27.097,00:02:27.531,-1,-1,"<1></c><3>泥</c><2>まみれでも何度も走り出した</c><1></c>"
00:02:27.097,00:02:27.531,-1,-1,"<1></c><3>泥</c><2>まみれでも何度も走り出した</c><1></c>"
00:02:27.531,00:02:27.965,-1,0,"<1></c><3>どろ</c><2>まみれでもなんどもはしりだした</c><1></c>"
00:02:27.531,00:02:27.965,-1,0,"<1></c><3>どろ</c><2>まみれでもなんどもはしりだした</c><1></c>"
00:02:27.531,00:02:27.965,-1,-1,"<1></c><3>泥</c><2>まみれでも何度も走り出した</c><1></c>"
00:02:27.531,00:02:27.965,-1,-1,"<1></c><3>泥</c><2>まみれでも何度も走り出した</c><1></c>"
00:02:27.965,00:02:28.398,-1,0,"<1></c><3>どろま</c><2>みれでもなんどもはしりだした</c><1></c>"
00:02:27.965,00:02:28.398,-1,0,"<1></c><3>どろま</c><2>みれでもなんどもはしりだした</c><1></c>"
00:02:27.965,00:02:28.398,-1,-1,"<1></c><3>泥ま</c><2>みれでも何度も走り出した</c><1></c>"
00:02:27.965,00:02:28.398,-1,-1,"<1></c><3>泥ま</c><2>みれでも何度も走り出した</c><1></c>"
00:02:28.398,00:02:28.832,-1,0,"<1></c><3>どろまみ</c><2>れでもなんどもはしりだした</c><1></c>"
00:02:28.398,00:02:28.832,-1,0,"<1></c><3>どろまみ</c><2>れでもなんどもはしりだした</c><1></c>"
00:02:28.398,00:02:28.832,-1,-1,"<1></c><3>泥まみ</c><2>れでも何度も走り出した</c><1></c>"
00:02:28.398,00:02:28.832,-1,-1,"<1></c><3>泥まみ</c><2>れでも何度も走り出した</c><1></c>"
00:02:28.832,00:02:29.500,-1,0,"<1></c><3>どろまみれ</c><2>でもなんどもはしりだした</c><1></c>"
00:02:28.832,00:02:29.500,-1,0,"<1></c><3>どろまみれ</c><2>でもなんどもはしりだした</c><1></c>"
00:02:28.832,00:02:29.500,-1,-1,"<1></c><3>泥まみれ</c><2>でも何度も走り出した</c><1></c>"
00:02:28.832,00:02:29.500,-1,-1,"<1></c><3>泥まみれ</c><2>でも何度も走り出した</c><1></c>"
00:02:29.500,00:02:29.700,-1,0,"<1></c><3>どろまみれで</c><2>もなんどもはしりだした</c><1></c>"
00:02:29.500,00:02:29.700,-1,0,"<1></c><3>どろまみれで</c><2>もなんどもはしりだした</c><1></c>"
00:02:29.500,00:02:29.700,-1,-1,"<1></c><3>泥まみれで</c><2>も何度も走り出した</c><1></c>"
00:02:29.500,00:02:29.700,-1,-1,"<1></c><3>泥まみれで</c><2>も何度も走り出した</c><1></c>"
00:02:29.700,00:02:30.300,-1,0,"<1></c><3>どろまみれでも</c><2>なんどもはしりだした</c><1></c>"
00:02:29.700,00:02:30.300,-1,0,"<1></c><3>どろまみれでも</c><2>なんどもはしりだした</c><1></c>"
00:02:29.700,00:02:30.300,-1,-1,"<1></c><3>泥まみれでも</c><2>何度も走り出した</c><1></c>"
00:02:29.700,00:02:30.300,-1,-1,"<1></c><3>泥まみれでも</c><2>何度も走り出した</c><1></c>"
00:02:30.300,00:02:30.567,-1,0,"<1></c><3>どろまみれでもな</c><2>んどもはしりだした</c><1></c>"
00:02:30.300,00:02:30.567,-1,0,"<1></c><3>どろまみれでもな</c><2>んどもはしりだした</c><1></c>"
00:02:30.300,00:02:30.567,-1,-1,"<1></c><3>泥まみれでも何</c><2>度も走り出した</c><1></c>"
00:02:30.300,00:02:30.567,-1,-1,"<1></c><3>泥まみれでも何</c><2>度も走り出した</c><1></c>"
00:02:30.567,00:02:31.235,-1,0,"<1></c><3>どろまみれでもなん</c><2>どもはしりだした</c><1></c>"
00:02:30.567,00:02:31.235,-1,0,"<1></c><3>どろまみれでもなん</c><2>どもはしりだした</c><1></c>"
00:02:30.567,00:02:31.235,-1,-1,"<1></c><3>泥まみれでも何</c><2>度も走り出した</c><1></c>"
00:02:30.567,00:02:31.235,-1,-1,"<1></c><3>泥まみれでも何</c><2>度も走り出した</c><1></c>"
00:02:31.235,00:02:31.435,-1,0,"<1></c><3>どろまみれでもなんど</c><2>もはしりだした</c><1></c>"
00:02:31.235,00:02:31.435,-1,0,"<1></c><3>どろまみれでもなんど</c><2>もはしりだした</c><1></c>"
00:02:31.235,00:02:31.435,-1,-1,"<1></c><3>泥まみれでも何度</c><2>も走り出した</c><1></c>"
00:02:31.235,00:02:31.435,-1,-1,"<1></c><3>泥まみれでも何度</c><2>も走り出した</c><1></c>"
00:02:31.435,00:02:31.869,-1,0,"<1></c><3>どろまみれでもなんども</c><2>はしりだした</c><1></c>"
00:02:31.435,00:02:31.869,-1,0,"<1></c><3>どろまみれでもなんども</c><2>はしりだした</c><1></c>"
00:02:31.435,00:02:31.869,-1,-1,"<1></c><3>泥まみれでも何度も</c><2>走り出した</c><1></c>"
00:02:31.435,00:02:31.869,-1,-1,"<1></c><3>泥まみれでも何度も</c><2>走り出した</c><1></c>"
00:02:31.869,00:02:32.102,-1,0,"<1></c><3>どろまみれでもなんどもは</c><2>しりだした</c><1></c>"
00:02:31.869,00:02:32.102,-1,0,"<1></c><3>どろまみれでもなんどもは</c><2>しりだした</c><1></c>"
00:02:31.869,00:02:32.102,-1,-1,"<1></c><3>泥まみれでも何度も走</c><2>り出した</c><1></c>"
00:02:31.869,00:02:32.102,-1,-1,"<1></c><3>泥まみれでも何度も走</c><2>り出した</c><1></c>"
00:02:32.102,00:02:32.302,-1,0,"<1></c><3>どろまみれでもなんどもはし</c><2>りだした</c><1></c>"
00:02:32.102,00:02:32.302,-1,0,"<1></c><3>どろまみれでもなんどもはし</c><2>りだした</c><1></c>"
00:02:32.102,00:02:32.302,-1,-1,"<1></c><3>泥まみれでも何度も走</c><2>り出した</c><1></c>"
00:02:32.102,00:02:32.302,-1,-1,"<1></c><3>泥まみれでも何度も走</c><2>り出した</c><1></c>"
00:02:32.302,00:02:32.736,-1,0,"<1></c><3>どろまみれでもなんどもはしり</c><2>だした</c><1></c>"
00:02:32.302,00:02:32.736,-1,0,"<1></c><3>どろまみれでもなんどもはしり</c><2>だした</c><1></c>"
00:02:32.302,00:02:32.736,-1,-1,"<1></c><3>泥まみれでも何度も走り</c><2>出した</c><1></c>"
00:02:32.302,00:02:32.736,-1,-1,"<1></c><3>泥まみれでも何度も走り</c><2>出した</c><1></c>"
00:02:32.736,00:02:32.970,-1,0,"<1></c><3>どろまみれでもなんどもはしりだ</c><2>した</c><1></c>"
00:02:32.736,00:02:32.970,-1,0,"<1></c><3>どろまみれでもなんどもはしりだ</c><2>した</c><1></c>"
00:02:32.736,00:02:32.970,-1,-1,"<1></c><3>泥まみれでも何度も走り出</c><2>した</c><1></c>"
00:02:32.736,00:02:32.970,-1,-1,"<1></c><3>泥まみれでも何度も走り出</c><2>した</c><1></c>"
00:02:32.970,00:02:33.170,-1,0,"<1></c><3>どろまみれでもなんどもはしりだし</c><2>た</c><1></c>"
00:02:32.970,00:02:33.170,-1,0,"<1></c><3>どろまみれでもなんどもはしりだし</c><2>た</c><1></c>"
00:02:32.970,00:02:33.170,-1,-1,"<1></c><3>泥まみれでも何度も走り出し</c><2>た</c><1></c>"
00:02:32.970,00:02:33.170,-1,-1,"<1></c><3>泥まみれでも何度も走り出し</c><2>た</c><1></c>"
00:02:33.170,00:02:33.604,-1,0,"<1></c><3>どろまみれでもなんどもはしりだした</c><1></c>"
00:02:33.170,00:02:33.604,-1,0,"<1></c><3>どろまみれでもなんどもはしりだした</c><1></c>"
00:02:33.170,00:02:33.604,-1,-1,"<1></c><3>泥まみれでも何度も走り出した</c><1></c>"
00:02:33.170,00:02:33.604,-1,-1,"<1></c><3>泥まみれでも何度も走り出した</c><1></c>"
00:02:34.004,00:02:34.471,-1,0,"<1></c><3>ゆ</c><2>めをみつけていくつもだきかかえて</c><1></c>"
00:02:34.004,00:02:34.471,-1,0,"<1></c><3>ゆ</c><2>めをみつけていくつもだきかかえて</c><1></c>"
00:02:34.004,00:02:34.471,-1,-1,"<1></c><3>夢</c><2>を見つけていくつも抱きかかえて</c><1></c>"
00:02:34.004,00:02:34.471,-1,-1,"<1></c><3>夢</c><2>を見つけていくつも抱きかかえて</c><1></c>"
00:02:34.471,00:02:34.905,-1,0,"<1></c><3>ゆめ</c><2>をみつけていくつもだきかかえて</c><1></c>"
00:02:34.471,00:02:34.905,-1,0,"<1></c><3>ゆめ</c><2>をみつけていくつもだきかかえて</c><1></c>"
00:02:34.471,00:02:34.905,-1,-1,"<1></c><3>夢</c><2>を見つけていくつも抱きかかえて</c><1></c>"
00:02:34.471,00:02:34.905,-1,-1,"<1></c><3>夢</c><2>を見つけていくつも抱きかかえて</c><1></c>"
00:02:34.905,00:02:35.339,-1,0,"<1></c><3>ゆめを</c><2>みつけていくつもだきかかえて</c><1></c>"
00:02:34.905,00:02:35.339,-1,0,"<1></c><3>ゆめを</c><2>みつけていくつもだきかかえて</c><1></c>"
00:02:34.905,00:02:35.339,-1,-1,"<1></c><3>夢を</c><2>見つけていくつも抱きかかえて</c><1></c>"
00:02:34.905,00:02:35.339,-1,-1,"<1></c><3>夢を</c><2>見つけていくつも抱きかかえて</c><1></c>"
00:02:35.339,00:02:35.772,-1,0,"<1></c><3>ゆめをみ</c><2>つけていくつもだきかかえて</c><1></c>"
00:02:35.339,00:02:35.772,-1,0,"<1></c><3>ゆめをみ</c><2>つけていくつもだきかかえて</c><1></c>"
00:02:35.339,00:02:35.772,-1,-1,"<1></c><3>夢を見</c><2>つけていくつも抱きかかえて</c><1></c>"
00:02:35.339,00:02:35.772,-1,-1,"<1></c><3>夢を見</c><2>つけていくつも抱きかかえて</c><1></c>"
00:02:35.772,00:02:36.440,-1,0,"<1></c><3>ゆめをみつ</c><2>けていくつもだきかかえて</c><1></c>"
00:02:35.772,00:02:36.440,-1,0,"<1></c><3>ゆめをみつ</c><2>けていくつもだきかかえて</c><1></c>"
00:02:35.772,00:02:36.440,-1,-1,"<1></c><3>夢を見つ</c><2>けていくつも抱きかかえて</c><1></c>"
00:02:35.772,00:02:36.440,-1,-1,"<1></c><3>夢を見つ</c><2>けていくつも抱きかかえて</c><1></c>"
00:02:36.440,00:02:36.673,-1,0,"<1></c><3>ゆめをみつけ</c><2>ていくつもだきかかえて</c><1></c>"
00:02:36.440,00:02:36.673,-1,0,"<1></c><3>ゆめをみつけ</c><2>ていくつもだきかかえて</c><1></c>"
00:02:36.440,00:02:36.673,-1,-1,"<1></c><3>夢を見つけ</c><2>ていくつも抱きかかえて</c><1></c>"
00:02:36.440,00:02:36.673,-1,-1,"<1></c><3>夢を見つけ</c><2>ていくつも抱きかかえて</c><1></c>"
00:02:36.673,00:02:37.307,-1,0,"<1></c><3>ゆめをみつけて</c><2>いくつもだきかかえて</c><1></c>"
00:02:36.673,00:02:37.307,-1,0,"<1></c><3>ゆめをみつけて</c><2>いくつもだきかかえて</c><1></c>"
00:02:36.673,00:02:37.307,-1,-1,"<1></c><3>夢を見つけて</c><2>いくつも抱きかかえて</c><1></c>"
00:02:36.673,00:02:37.307,-1,-1,"<1></c><3>夢を見つけて</c><2>いくつも抱きかかえて</c><1></c>"
00:02:37.307,00:02:37.541,-1,0,"<1></c><3>ゆめをみつけてい</c><2>くつもだきかかえて</c><1></c>"
00:02:37.307,00:02:37.541,-1,0,"<1></c><3>ゆめをみつけてい</c><2>くつもだきかかえて</c><1></c>"
00:02:37.307,00:02:37.541,-1,-1,"<1></c><3>夢を見つけてい</c><2>くつも抱きかかえて</c><1></c>"
00:02:37.307,00:02:37.541,-1,-1,"<1></c><3>夢を見つけてい</c><2>くつも抱きかかえて</c><1></c>"
00:02:37.541,00:02:38.175,-1,0,"<1></c><3>ゆめをみつけていく</c><2>つもだきかかえて</c><1></c>"
00:02:37.541,00:02:38.175,-1,0,"<1></c><3>ゆめをみつけていく</c><2>つもだきかかえて</c><1></c>"
00:02:37.541,00:02:38.175,-1,-1,"<1></c><3>夢を見つけていく</c><2>つも抱きかかえて</c><1></c>"
00:02:37.541,00:02:38.175,-1,-1,"<1></c><3>夢を見つけていく</c><2>つも抱きかかえて</c><1></c>"
00:02:38.175,00:02:38.408,-1,0,"<1></c><3>ゆめをみつけていくつ</c><2>もだきかかえて</c><1></c>"
00:02:38.175,00:02:38.408,-1,0,"<1></c><3>ゆめをみつけていくつ</c><2>もだきかかえて</c><1></c>"
00:02:38.175,00:02:38.408,-1,-1,"<1></c><3>夢を見つけていくつ</c><2>も抱きかかえて</c><1></c>"
00:02:38.175,00:02:38.408,-1,-1,"<1></c><3>夢を見つけていくつ</c><2>も抱きかかえて</c><1></c>"
00:02:38.408,00:02:39.042,-1,0,"<1></c><3>ゆめをみつけていくつも</c><2>だきかかえて</c><1></c>"
00:02:38.408,00:02:39.042,-1,0,"<1></c><3>ゆめをみつけていくつも</c><2>だきかかえて</c><1></c>"
00:02:38.408,00:02:39.042,-1,-1,"<1></c><3>夢を見つけていくつも</c><2>抱きかかえて</c><1></c>"
00:02:38.408,00:02:39.042,-1,-1,"<1></c><3>夢を見つけていくつも</c><2>抱きかかえて</c><1></c>"
00:02:39.042,00:02:39.276,-1,0,"<1></c><3>ゆめをみつけていくつもだ</c><2>きかかえて</c><1></c>"
00:02:39.042,00:02:39.276,-1,0,"<1></c><3>ゆめをみつけていくつもだ</c><2>きかかえて</c><1></c>"
00:02:39.042,00:02:39.276,-1,-1,"<1></c><3>夢を見つけていくつも抱</c><2>きかかえて</c><1></c>"
00:02:39.042,00:02:39.276,-1,-1,"<1></c><3>夢を見つけていくつも抱</c><2>きかかえて</c><1></c>"
00:02:39.276,00:02:39.710,-1,0,"<1></c><3>ゆめをみつけていくつもだき</c><2>かかえて</c><1></c>"
00:02:39.276,00:02:39.710,-1,0,"<1></c><3>ゆめをみつけていくつもだき</c><2>かかえて</c><1></c>"
00:02:39.276,00:02:39.710,-1,-1,"<1></c><3>夢を見つけていくつも抱き</c><2>かかえて</c><1></c>"
00:02:39.276,00:02:39.710,-1,-1,"<1></c><3>夢を見つけていくつも抱き</c><2>かかえて</c><1></c>"
00:02:39.710,00:02:39.810,-1,0,"<1></c><3>ゆめをみつけていくつもだきか</c><2>かえて</c><1></c>"
00:02:39.710,00:02:39.810,-1,0,"<1></c><3>ゆめをみつけていくつもだきか</c><2>かえて</c><1></c>"
00:02:39.710,00:02:39.810,-1,-1,"<1></c><3>夢を見つけていくつも抱きか</c><2>かえて</c><1></c>"
00:02:39.710,00:02:39.810,-1,-1,"<1></c><3>夢を見つけていくつも抱きか</c><2>かえて</c><1></c>"
00:02:39.810,00:02:40.010,-1,0,"<1></c><3>ゆめをみつけていくつもだきかか</c><2>えて</c><1></c>"
00:02:39.810,00:02:40.010,-1,0,"<1></c><3>ゆめをみつけていくつもだきかか</c><2>えて</c><1></c>"
00:02:39.810,00:02:40.010,-1,-1,"<1></c><3>夢を見つけていくつも抱きかか</c><2>えて</c><1></c>"
00:02:39.810,00:02:40.010,-1,-1,"<1></c><3>夢を見つけていくつも抱きかか</c><2>えて</c><1></c>"
00:02:40.010,00:02:40.144,-1,0,"<1></c><3>ゆめをみつけていくつもだきかかえ</c><2>て</c><1></c>"
00:02:40.010,00:02:40.144,-1,0,"<1></c><3>ゆめをみつけていくつもだきかかえ</c><2>て</c><1></c>"
00:02:40.010,00:02:40.144,-1,-1,"<1></c><3>夢を見つけていくつも抱きかかえ</c><2>て</c><1></c>"
00:02:40.010,00:02:40.144,-1,-1,"<1></c><3>夢を見つけていくつも抱きかかえ</c><2>て</c><1></c>"
00:02:40.144,00:02:41.011,-1,0,"<1></c><3>ゆめをみつけていくつもだきかかえて</c><1></c>"
00:02:40.144,00:02:41.011,-1,0,"<1></c><3>ゆめをみつけていくつもだきかかえて</c><1></c>"
00:02:40.144,00:02:41.011,-1,-1,"<1></c><3>夢を見つけていくつも抱きかかえて</c><1></c>"
00:02:40.144,00:02:41.011,-1,-1,"<1></c><3>夢を見つけていくつも抱きかかえて</c><1></c>"
00:02:41.011,00:02:41.445,-1,0,"<1></c><3>き</c><2>みとはなしたみらいをつかみにいこう</c><1></c>"
00:02:41.011,00:02:41.445,-1,0,"<1></c><3>き</c><2>みとはなしたみらいをつかみにいこう</c><1></c>"
00:02:41.011,00:02:41.445,-1,-1,"<1></c><3>君</c><2>と話した未来を掴みに行こう</c><1></c>"
00:02:41.011,00:02:41.445,-1,-1,"<1></c><3>君</c><2>と話した未来を掴みに行こう</c><1></c>"
00:02:41.445,00:02:41.879,-1,0,"<1></c><3>きみ</c><2>とはなしたみらいをつかみにいこう</c><1></c>"
00:02:41.445,00:02:41.879,-1,0,"<1></c><3>きみ</c><2>とはなしたみらいをつかみにいこう</c><1></c>"
00:02:41.445,00:02:41.879,-1,-1,"<1></c><3>君</c><2>と話した未来を掴みに行こう</c><1></c>"
00:02:41.445,00:02:41.879,-1,-1,"<1></c><3>君</c><2>と話した未来を掴みに行こう</c><1></c>"
00:02:41.879,00:02:42.312,-1,0,"<1></c><3>きみと</c><2>はなしたみらいをつかみにいこう</c><1></c>"
00:02:41.879,00:02:42.312,-1,0,"<1></c><3>きみと</c><2>はなしたみらいをつかみにいこう</c><1></c>"
00:02:41.879,00:02:42.312,-1,-1,"<1></c><3>君と</c><2>話した未来を掴みに行こう</c><1></c>"
00:02:41.879,00:02:42.312,-1,-1,"<1></c><3>君と</c><2>話した未来を掴みに行こう</c><1></c>"
00:02:42.312,00:02:42.746,-1,0,"<1></c><3>きみとは</c><2>なしたみらいをつかみにいこう</c><1></c>"
00:02:42.312,00:02:42.746,-1,0,"<1></c><3>きみとは</c><2>なしたみらいをつかみにいこう</c><1></c>"
00:02:42.312,00:02:42.746,-1,-1,"<1></c><3>君と話</c><2>した未来を掴みに行こう</c><1></c>"
00:02:42.312,00:02:42.746,-1,-1,"<1></c><3>君と話</c><2>した未来を掴みに行こう</c><1></c>"
00:02:42.746,00:02:43.413,-1,0,"<1></c><3>きみとはな</c><2>したみらいをつかみにいこう</c><1></c>"
00:02:42.746,00:02:43.413,-1,0,"<1></c><3>きみとはな</c><2>したみらいをつかみにいこう</c><1></c>"
00:02:42.746,00:02:43.413,-1,-1,"<1></c><3>君と話</c><2>した未来を掴みに行こう</c><1></c>"
00:02:42.746,00:02:43.413,-1,-1,"<1></c><3>君と話</c><2>した未来を掴みに行こう</c><1></c>"
00:02:43.413,00:02:43.614,-1,0,"<1></c><3>きみとはなし</c><2>たみらいをつかみにいこう</c><1></c>"
00:02:43.413,00:02:43.614,-1,0,"<1></c><3>きみとはなし</c><2>たみらいをつかみにいこう</c><1></c>"
00:02:43.413,00:02:43.614,-1,-1,"<1></c><3>君と話し</c><2>た未来を掴みに行こう</c><1></c>"
00:02:43.413,00:02:43.614,-1,-1,"<1></c><3>君と話し</c><2>た未来を掴みに行こう</c><1></c>"
00:02:43.614,00:02:44.248,-1,0,"<1></c><3>きみとはなした</c><2>みらいをつかみにいこう</c><1></c>"
00:02:43.614,00:02:44.248,-1,0,"<1></c><3>きみとはなした</c><2>みらいをつかみにいこう</c><1></c>"
00:02:43.614,00:02:44.248,-1,-1,"<1></c><3>君と話した</c><2>未来を掴みに行こう</c><1></c>"
00:02:43.614,00:02:44.248,-1,-1,"<1></c><3>君と話した</c><2>未来を掴みに行こう</c><1></c>"
00:02:44.248,00:02:44.481,-1,0,"<1></c><3>きみとはなしたみ</c><2>らいをつかみにいこう</c><1></c>"
00:02:44.248,00:02:44.481,-1,0,"<1></c><3>きみとはなしたみ</c><2>らいをつかみにいこう</c><1></c>"
00:02:44.248,00:02:44.481,-1,-1,"<1></c><3>君と話した未</c><2>来を掴みに行こう</c><1></c>"
00:02:44.248,00:02:44.481,-1,-1,"<1></c><3>君と話した未</c><2>来を掴みに行こう</c><1></c>"
00:02:44.481,00:02:45.149,-1,0,"<1></c><3>きみとはなしたみら</c><2>いをつかみにいこう</c><1></c>"
00:02:44.481,00:02:45.149,-1,0,"<1></c><3>きみとはなしたみら</c><2>いをつかみにいこう</c><1></c>"
00:02:44.481,00:02:45.149,-1,-1,"<1></c><3>君と話した未来</c><2>を掴みに行こう</c><1></c>"
00:02:44.481,00:02:45.149,-1,-1,"<1></c><3>君と話した未来</c><2>を掴みに行こう</c><1></c>"
00:02:45.149,00:02:45.349,-1,0,"<1></c><3>きみとはなしたみらい</c><2>をつかみにいこう</c><1></c>"
00:02:45.149,00:02:45.349,-1,0,"<1></c><3>きみとはなしたみらい</c><2>をつかみにいこう</c><1></c>"
00:02:45.149,00:02:45.349,-1,-1,"<1></c><3>君と話した未来</c><2>を掴みに行こう</c><1></c>"
00:02:45.149,00:02:45.349,-1,-1,"<1></c><3>君と話した未来</c><2>を掴みに行こう</c><1></c>"
00:02:45.349,00:02:45.749,-1,0,"<1></c><3>きみとはなしたみらいを</c><2>つかみにいこう</c><1></c>"
00:02:45.349,00:02:45.749,-1,0,"<1></c><3>きみとはなしたみらいを</c><2>つかみにいこう</c><1></c>"
00:02:45.349,00:02:45.749,-1,-1,"<1></c><3>君と話した未来を</c><2>掴みに行こう</c><1></c>"
00:02:45.349,00:02:45.749,-1,-1,"<1></c><3>君と話した未来を</c><2>掴みに行こう</c><1></c>"
00:02:45.749,00:02:45.983,-1,0,"<1></c><3>きみとはなしたみらいをつ</c><2>かみにいこう</c><1></c>"
00:02:45.749,00:02:45.983,-1,0,"<1></c><3>きみとはなしたみらいをつ</c><2>かみにいこう</c><1></c>"
00:02:45.749,00:02:45.983,-1,-1,"<1></c><3>君と話した未来を掴</c><2>みに行こう</c><1></c>"
00:02:45.749,00:02:45.983,-1,-1,"<1></c><3>君と話した未来を掴</c><2>みに行こう</c><1></c>"
00:02:45.983,00:02:46.216,-1,0,"<1></c><3>きみとはなしたみらいをつか</c><2>みにいこう</c><1></c>"
00:02:45.983,00:02:46.216,-1,0,"<1></c><3>きみとはなしたみらいをつか</c><2>みにいこう</c><1></c>"
00:02:45.983,00:02:46.216,-1,-1,"<1></c><3>君と話した未来を掴</c><2>みに行こう</c><1></c>"
00:02:45.983,00:02:46.216,-1,-1,"<1></c><3>君と話した未来を掴</c><2>みに行こう</c><1></c>"
00:02:46.216,00:02:46.650,-1,0,"<1></c><3>きみとはなしたみらいをつかみ</c><2>にいこう</c><1></c>"
00:02:46.216,00:02:46.650,-1,0,"<1></c><3>きみとはなしたみらいをつかみ</c><2>にいこう</c><1></c>"
00:02:46.216,00:02:46.650,-1,-1,"<1></c><3>君と話した未来を掴み</c><2>に行こう</c><1></c>"
00:02:46.216,00:02:46.650,-1,-1,"<1></c><3>君と話した未来を掴み</c><2>に行こう</c><1></c>"
00:02:46.650,00:02:46.884,-1,0,"<1></c><3>きみとはなしたみらいをつかみに</c><2>いこう</c><1></c>"
00:02:46.650,00:02:46.884,-1,0,"<1></c><3>きみとはなしたみらいをつかみに</c><2>いこう</c><1></c>"
00:02:46.650,00:02:46.884,-1,-1,"<1></c><3>君と話した未来を掴みに</c><2>行こう</c><1></c>"
00:02:46.650,00:02:46.884,-1,-1,"<1></c><3>君と話した未来を掴みに</c><2>行こう</c><1></c>"
00:02:46.884,00:02:47.117,-1,0,"<1></c><3>きみとはなしたみらいをつかみにい</c><2>こう</c><1></c>"
00:02:46.884,00:02:47.117,-1,0,"<1></c><3>きみとはなしたみらいをつかみにい</c><2>こう</c><1></c>"
00:02:46.884,00:02:47.117,-1,-1,"<1></c><3>君と話した未来を掴みに行</c><2>こう</c><1></c>"
00:02:46.884,00:02:47.117,-1,-1,"<1></c><3>君と話した未来を掴みに行</c><2>こう</c><1></c>"
00:02:47.117,00:02:47.284,-1,0,"<1></c><3>きみとはなしたみらいをつかみにいこ</c><2>う</c><1></c>"
00:02:47.117,00:02:47.284,-1,0,"<1></c><3>きみとはなしたみらいをつかみにいこ</c><2>う</c><1></c>"
00:02:47.117,00:02:47.284,-1,-1,"<1></c><3>君と話した未来を掴みに行こ</c><2>う</c><1></c>"
00:02:47.117,00:02:47.284,-1,-1,"<1></c><3>君と話した未来を掴みに行こ</c><2>う</c><1></c>"
00:02:47.284,00:02:47.918,-1,0,"<1></c><3>きみとはなしたみらいをつかみにいこう</c><1></c>"
00:02:47.284,00:02:47.918,-1,0,"<1></c><3>きみとはなしたみらいをつかみにいこう</c><1></c>"
00:02:47.284,00:02:47.918,-1,-1,"<1></c><3>君と話した未来を掴みに行こう</c><1></c>"
00:02:47.284,00:02:47.918,-1,-1,"<1></c><3>君と話した未来を掴みに行こう</c><1></c>"
00:02:47.918,00:02:48.385,-1,0,"<1></c><3>み</c><2>たこともない</c><1></c>"
00:02:47.918,00:02:48.385,-1,0,"<1></c><3>み</c><2>たこともない</c><1></c>"
00:02:47.918,00:02:48.385,-1,-1,"<1></c><3>見</c><2>たこともない</c><1></c>"
00:02:47.918,00:02:48.385,-1,-1,"<1></c><3>見</c><2>たこともない</c><1></c>"
00:02:48.385,00:02:48.819,-1,0,"<1></c><3>みた</c><2>こともない</c><1></c>"
00:02:48.385,00:02:48.819,-1,0,"<1></c><3>みた</c><2>こともない</c><1></c>"
00:02:48.385,00:02:48.819,-1,-1,"<1></c><3>見た</c><2>こともない</c><1></c>"
00:02:48.385,00:02:48.819,-1,-1,"<1></c><3>見た</c><2>こともない</c><1></c>"
00:02:48.819,00:02:49.253,-1,0,"<1></c><3>みたこ</c><2>ともない</c><1></c>"
00:02:48.819,00:02:49.253,-1,0,"<1></c><3>みたこ</c><2>ともない</c><1></c>"
00:02:48.819,00:02:49.253,-1,-1,"<1></c><3>見たこ</c><2>ともない</c><1></c>"
00:02:48.819,00:02:49.253,-1,-1,"<1></c><3>見たこ</c><2>ともない</c><1></c>"
00:02:49.253,00:02:49.686,-1,0,"<1></c><3>みたこと</c><2>もない</c><1></c>"
00:02:49.253,00:02:49.686,-1,0,"<1></c><3>みたこと</c><2>もない</c><1></c>"
00:02:49.253,00:02:49.686,-1,-1,"<1></c><3>見たこと</c><2>もない</c><1></c>"
00:02:49.253,00:02:49.686,-1,-1,"<1></c><3>見たこと</c><2>もない</c><1></c>"
00:02:49.686,00:02:50.354,-1,0,"<1></c><3>みたことも</c><2>ない</c><1></c>"
00:02:49.686,00:02:50.354,-1,0,"<1></c><3>みたことも</c><2>ない</c><1></c>"
00:02:49.686,00:02:50.354,-1,-1,"<1></c><3>見たことも</c><2>ない</c><1></c>"
00:02:49.686,00:02:50.354,-1,-1,"<1></c><3>見たことも</c><2>ない</c><1></c>"
00:02:50.354,00:02:50.554,-1,0,"<1></c><3>みたこともな</c><2>い</c><1></c>"
00:02:50.354,00:02:50.554,-1,0,"<1></c><3>みたこともな</c><2>い</c><1></c>"
00:02:50.354,00:02:50.554,-1,-1,"<1></c><3>見たこともな</c><2>い</c><1></c>"
00:02:50.354,00:02:50.554,-1,-1,"<1></c><3>見たこともな</c><2>い</c><1></c>"
00:02:50.554,00:02:53.157,-1,0,"<1></c><3>みたこともない</c><1></c>"
00:02:50.554,00:02:53.157,-1,0,"<1></c><3>みたこともない</c><1></c>"
00:02:50.554,00:02:53.157,-1,-1,"<1></c><3>見たこともない</c><1></c>"
00:02:50.554,00:02:53.157,-1,-1,"<1></c><3>見たこともない</c><1></c>"
00:02:54.925,00:02:55.359,-1,0,"<1></c><3>け</c><2>しきひろがるせかいへ</c><1></c>"
00:02:54.925,00:02:55.359,-1,0,"<1></c><3>け</c><2>しきひろがるせかいへ</c><1></c>"
00:02:54.925,00:02:55.359,-1,-1,"<1></c><3>景</c><2>色広がる世界へ</c><1></c>"
00:02:54.925,00:02:55.359,-1,-1,"<1></c><3>景</c><2>色広がる世界へ</c><1></c>"
00:02:55.359,00:02:55.792,-1,0,"<1></c><3>けし</c><2>きひろがるせかいへ</c><1></c>"
00:02:55.359,00:02:55.792,-1,0,"<1></c><3>けし</c><2>きひろがるせかいへ</c><1></c>"
00:02:55.359,00:02:55.792,-1,-1,"<1></c><3>景色</c><2>広がる世界へ</c><1></c>"
00:02:55.359,00:02:55.792,-1,-1,"<1></c><3>景色</c><2>広がる世界へ</c><1></c>"
00:02:55.792,00:02:56.226,-1,0,"<1></c><3>けしき</c><2>ひろがるせかいへ</c><1></c>"
00:02:55.792,00:02:56.226,-1,0,"<1></c><3>けしき</c><2>ひろがるせかいへ</c><1></c>"
00:02:55.792,00:02:56.226,-1,-1,"<1></c><3>景色</c><2>広がる世界へ</c><1></c>"
00:02:55.792,00:02:56.226,-1,-1,"<1></c><3>景色</c><2>広がる世界へ</c><1></c>"
00:02:56.226,00:02:56.660,-1,0,"<1></c><3>けしきひ</c><2>ろがるせかいへ</c><1></c>"
00:02:56.226,00:02:56.660,-1,0,"<1></c><3>けしきひ</c><2>ろがるせかいへ</c><1></c>"
00:02:56.226,00:02:56.660,-1,-1,"<1></c><3>景色広</c><2>がる世界へ</c><1></c>"
00:02:56.226,00:02:56.660,-1,-1,"<1></c><3>景色広</c><2>がる世界へ</c><1></c>"
00:02:56.660,00:02:57.294,-1,0,"<1></c><3>けしきひろ</c><2>がるせかいへ</c><1></c>"
00:02:56.660,00:02:57.294,-1,0,"<1></c><3>けしきひろ</c><2>がるせかいへ</c><1></c>"
00:02:56.660,00:02:57.294,-1,-1,"<1></c><3>景色広</c><2>がる世界へ</c><1></c>"
00:02:56.660,00:02:57.294,-1,-1,"<1></c><3>景色広</c><2>がる世界へ</c><1></c>"
00:02:57.294,00:02:57.528,-1,0,"<1></c><3>けしきひろが</c><2>るせかいへ</c><1></c>"
00:02:57.294,00:02:57.528,-1,0,"<1></c><3>けしきひろが</c><2>るせかいへ</c><1></c>"
00:02:57.294,00:02:57.528,-1,-1,"<1></c><3>景色広が</c><2>る世界へ</c><1></c>"
00:02:57.294,00:02:57.528,-1,-1,"<1></c><3>景色広が</c><2>る世界へ</c><1></c>"
00:02:57.528,00:02:58.162,-1,0,"<1></c><3>けしきひろがる</c><2>せかいへ</c><1></c>"
00:02:57.528,00:02:58.162,-1,0,"<1></c><3>けしきひろがる</c><2>せかいへ</c><1></c>"
00:02:57.528,00:02:58.162,-1,-1,"<1></c><3>景色広がる</c><2>世界へ</c><1></c>"
00:02:57.528,00:02:58.162,-1,-1,"<1></c><3>景色広がる</c><2>世界へ</c><1></c>"
00:02:58.162,00:02:58.395,-1,0,"<1></c><3>けしきひろがるせ</c><2>かいへ</c><1></c>"
00:02:58.162,00:02:58.395,-1,0,"<1></c><3>けしきひろがるせ</c><2>かいへ</c><1></c>"
00:02:58.162,00:02:58.395,-1,-1,"<1></c><3>景色広がる世</c><2>界へ</c><1></c>"
00:02:58.162,00:02:58.395,-1,-1,"<1></c><3>景色広がる世</c><2>界へ</c><1></c>"
00:02:58.395,00:02:59.062,-1,0,"<1></c><3>けしきひろがるせか</c><2>いへ</c><1></c>"
00:02:58.395,00:02:59.062,-1,0,"<1></c><3>けしきひろがるせか</c><2>いへ</c><1></c>"
00:02:58.395,00:02:59.062,-1,-1,"<1></c><3>景色広がる世界</c><2>へ</c><1></c>"
00:02:58.395,00:02:59.062,-1,-1,"<1></c><3>景色広がる世界</c><2>へ</c><1></c>"
00:02:59.062,00:02:59.263,-1,0,"<1></c><3>けしきひろがるせかい</c><2>へ</c><1></c>"
00:02:59.062,00:02:59.263,-1,0,"<1></c><3>けしきひろがるせかい</c><2>へ</c><1></c>"
00:02:59.062,00:02:59.263,-1,-1,"<1></c><3>景色広がる世界</c><2>へ</c><1></c>"
00:02:59.062,00:02:59.263,-1,-1,"<1></c><3>景色広がる世界</c><2>へ</c><1></c>"
00:02:59.263,00:02:59.696,-1,0,"<1></c><3>けしきひろがるせかいへ</c><1></c>"
00:02:59.263,00:02:59.696,-1,0,"<1></c><3>けしきひろがるせかいへ</c><1></c>"
00:02:59.263,00:02:59.696,-1,-1,"<1></c><3>景色広がる世界へ</c><1></c>"
00:02:59.263,00:02:59.696,-1,-1,"<1></c><3>景色広がる世界へ</c><1></c>"
00:02:59.696,00:02:59.930,-1,0,"<1></c><3>つ</c><2>れていくよ</c><1></c>"
00:02:59.696,00:02:59.930,-1,0,"<1></c><3>つ</c><2>れていくよ</c><1></c>"
00:02:59.696,00:02:59.930,-1,-1,"<1></c><3>連</c><2>れて行くよ</c><1></c>"
00:02:59.696,00:02:59.930,-1,-1,"<1></c><3>連</c><2>れて行くよ</c><1></c>"
00:02:59.930,00:03:00.130,-1,0,"<1></c><3>つれ</c><2>ていくよ</c><1></c>"
00:02:59.930,00:03:00.130,-1,0,"<1></c><3>つれ</c><2>ていくよ</c><1></c>"
00:02:59.930,00:03:00.130,-1,-1,"<1></c><3>連れ</c><2>て行くよ</c><1></c>"
00:02:59.930,00:03:00.130,-1,-1,"<1></c><3>連れ</c><2>て行くよ</c><1></c>"
00:03:00.130,00:03:00.564,-1,0,"<1></c><3>つれて</c><2>いくよ</c><1></c>"
00:03:00.130,00:03:00.564,-1,0,"<1></c><3>つれて</c><2>いくよ</c><1></c>"
00:03:00.130,00:03:00.564,-1,-1,"<1></c><3>連れて</c><2>行くよ</c><1></c>"
00:03:00.130,00:03:00.564,-1,-1,"<1></c><3>連れて</c><2>行くよ</c><1></c>"
00:03:00.564,00:03:00.764,-1,0,"<1></c><3>つれてい</c><2>くよ</c><1></c>"
00:03:00.564,00:03:00.764,-1,0,"<1></c><3>つれてい</c><2>くよ</c><1></c>"
00:03:00.564,00:03:00.764,-1,-1,"<1></c><3>連れて行</c><2>くよ</c><1></c>"
00:03:00.564,00:03:00.764,-1,-1,"<1></c><3>連れて行</c><2>くよ</c><1></c>"
00:03:00.764,00:03:00.998,-1,0,"<1></c><3>つれていく</c><2>よ</c><1></c>"
00:03:00.764,00:03:00.998,-1,0,"<1></c><3>つれていく</c><2>よ</c><1></c>"
00:03:00.764,00:03:00.998,-1,-1,"<1></c><3>連れて行く</c><2>よ</c><1></c>"
00:03:00.764,00:03:00.998,-1,-1,"<1></c><3>連れて行く</c><2>よ</c><1></c>"
00:03:00.998,00:03:01.665,-1,0,"<1></c><3>つれていくよ</c><1></c>"
00:03:00.998,00:03:01.665,-1,0,"<1></c><3>つれていくよ</c><1></c>"
00:03:00.998,00:03:01.665,-1,-1,"<1></c><3>連れて行くよ</c><1></c>"
00:03:00.998,00:03:01.665,-1,-1,"<1></c><3>連れて行くよ</c><1></c>"
00:03:01.665,00:03:01.865,-1,0,"<1></c><3>い</c><2>っしょにずっとあるいていこう</c><1></c>"
00:03:01.665,00:03:01.865,-1,0,"<1></c><3>い</c><2>っしょにずっとあるいていこう</c><1></c>"
00:03:01.665,00:03:01.865,-1,-1,"<1></c><3>一</c><2>緒にずっと歩いて行こう</c><1></c>"
00:03:01.665,00:03:01.865,-1,-1,"<1></c><3>一</c><2>緒にずっと歩いて行こう</c><1></c>"
00:03:01.865,00:03:02.533,-1,0,"<1></c><3>いっ</c><2>しょにずっとあるいていこう</c><1></c>"
00:03:01.865,00:03:02.533,-1,0,"<1></c><3>いっ</c><2>しょにずっとあるいていこう</c><1></c>"
00:03:01.865,00:03:02.533,-1,-1,"<1></c><3>一</c><2>緒にずっと歩いて行こう</c><1></c>"
00:03:01.865,00:03:02.533,-1,-1,"<1></c><3>一</c><2>緒にずっと歩いて行こう</c><1></c>"
00:03:02.533,00:03:02.766,-1,0,"<1></c><3>いっしょ</c><2>にずっとあるいていこう</c><1></c>"
00:03:02.533,00:03:02.766,-1,0,"<1></c><3>いっしょ</c><2>にずっとあるいていこう</c><1></c>"
00:03:02.533,00:03:02.766,-1,-1,"<1></c><3>一緒</c><2>にずっと歩いて行こう</c><1></c>"
00:03:02.533,00:03:02.766,-1,-1,"<1></c><3>一緒</c><2>にずっと歩いて行こう</c><1></c>"
00:03:02.766,00:03:03.200,-1,0,"<1></c><3>いっしょに</c><2>ずっとあるいていこう</c><1></c>"
00:03:02.766,00:03:03.200,-1,0,"<1></c><3>いっしょに</c><2>ずっとあるいていこう</c><1></c>"
00:03:02.766,00:03:03.200,-1,-1,"<1></c><3>一緒に</c><2>ずっと歩いて行こう</c><1></c>"
00:03:02.766,00:03:03.200,-1,-1,"<1></c><3>一緒に</c><2>ずっと歩いて行こう</c><1></c>"
00:03:03.200,00:03:03.433,-1,0,"<1></c><3>いっしょにず</c><2>っとあるいていこう</c><1></c>"
00:03:03.200,00:03:03.433,-1,0,"<1></c><3>いっしょにず</c><2>っとあるいていこう</c><1></c>"
00:03:03.200,00:03:03.433,-1,-1,"<1></c><3>一緒にず</c><2>っと歩いて行こう</c><1></c>"
00:03:03.200,00:03:03.433,-1,-1,"<1></c><3>一緒にず</c><2>っと歩いて行こう</c><1></c>"
00:03:03.433,00:03:03.634,-1,0,"<1></c><3>いっしょにずっ</c><2>とあるいていこう</c><1></c>"
00:03:03.433,00:03:03.634,-1,0,"<1></c><3>いっしょにずっ</c><2>とあるいていこう</c><1></c>"
00:03:03.433,00:03:03.634,-1,-1,"<1></c><3>一緒にずっ</c><2>と歩いて行こう</c><1></c>"
00:03:03.433,00:03:03.634,-1,-1,"<1></c><3>一緒にずっ</c><2>と歩いて行こう</c><1></c>"
00:03:03.634,00:03:04.735,-1,0,"<1></c><3>いっしょにずっと</c><2>あるいていこう</c><1></c>"
00:03:03.634,00:03:04.735,-1,0,"<1></c><3>いっしょにずっと</c><2>あるいていこう</c><1></c>"
00:03:03.634,00:03:04.735,-1,-1,"<1></c><3>一緒にずっと</c><2>歩いて行こう</c><1></c>"
00:03:03.634,00:03:04.735,-1,-1,"<1></c><3>一緒にずっと</c><2>歩いて行こう</c><1></c>"
00:03:04.735,00:03:06.036,-1,0,"<1></c><3>いっしょにずっとあ</c><2>るいていこう</c><1></c>"
00:03:04.735,00:03:06.036,-1,0,"<1></c><3>いっしょにずっとあ</c><2>るいていこう</c><1></c>"
00:03:04.735,00:03:06.036,-1,-1,"<1></c><3>一緒にずっと歩</c><2>いて行こう</c><1></c>"
00:03:04.735,00:03:06.036,-1,-1,"<1></c><3>一緒にずっと歩</c><2>いて行こう</c><1></c>"
00:03:06.036,00:03:06.236,-1,0,"<1></c><3>いっしょにずっとある</c><2>いていこう</c><1></c>"
00:03:06.036,00:03:06.236,-1,0,"<1></c><3>いっしょにずっとある</c><2>いていこう</c><1></c>"
00:03:06.036,00:03:06.236,-1,-1,"<1></c><3>一緒にずっと歩</c><2>いて行こう</c><1></c>"
00:03:06.036,00:03:06.236,-1,-1,"<1></c><3>一緒にずっと歩</c><2>いて行こう</c><1></c>"
00:03:06.236,00:03:06.670,-1,0,"<1></c><3>いっしょにずっとあるい</c><2>ていこう</c><1></c>"
00:03:06.236,00:03:06.670,-1,0,"<1></c><3>いっしょにずっとあるい</c><2>ていこう</c><1></c>"
00:03:06.236,00:03:06.670,-1,-1,"<1></c><3>一緒にずっと歩い</c><2>て行こう</c><1></c>"
00:03:06.236,00:03:06.670,-1,-1,"<1></c><3>一緒にずっと歩い</c><2>て行こう</c><1></c>"
00:03:06.670,00:03:06.904,-1,0,"<1></c><3>いっしょにずっとあるいて</c><2>いこう</c><1></c>"
00:03:06.670,00:03:06.904,-1,0,"<1></c><3>いっしょにずっとあるいて</c><2>いこう</c><1></c>"
00:03:06.670,00:03:06.904,-1,-1,"<1></c><3>一緒にずっと歩いて</c><2>行こう</c><1></c>"
00:03:06.670,00:03:06.904,-1,-1,"<1></c><3>一緒にずっと歩いて</c><2>行こう</c><1></c>"
00:03:06.904,00:03:07.070,-1,0,"<1></c><3>いっしょにずっとあるいてい</c><2>こう</c><1></c>"
00:03:06.904,00:03:07.070,-1,0,"<1></c><3>いっしょにずっとあるいてい</c><2>こう</c><1></c>"
00:03:06.904,00:03:07.070,-1,-1,"<1></c><3>一緒にずっと歩いて行</c><2>こう</c><1></c>"
00:03:06.904,00:03:07.070,-1,-1,"<1></c><3>一緒にずっと歩いて行</c><2>こう</c><1></c>"
00:03:07.070,00:03:07.237,-1,0,"<1></c><3>いっしょにずっとあるいていこ</c><2>う</c><1></c>"
00:03:07.070,00:03:07.237,-1,0,"<1></c><3>いっしょにずっとあるいていこ</c><2>う</c><1></c>"
00:03:07.070,00:03:07.237,-1,-1,"<1></c><3>一緒にずっと歩いて行こ</c><2>う</c><1></c>"
00:03:07.070,00:03:07.237,-1,-1,"<1></c><3>一緒にずっと歩いて行こ</c><2>う</c><1></c>"
00:03:07.237,00:03:07.538,-1,0,"<1></c><3>いっしょにずっとあるいていこう</c><1></c>"
00:03:07.237,00:03:07.538,-1,0,"<1></c><3>いっしょにずっとあるいていこう</c><1></c>"
00:03:07.237,00:03:07.538,-1,-1,"<1></c><3>一緒にずっと歩いて行こう</c><1></c>"
00:03:07.237,00:03:07.538,-1,-1,"<1></c><3>一緒にずっと歩いて行こう</c><1></c>"
00:03:14.044,00:03:14.511,-1,0,"<1></c><3>お</c><2>なじみらいへ</c><1></c>"
00:03:14.044,00:03:14.511,-1,0,"<1></c><3>お</c><2>なじみらいへ</c><1></c>"
00:03:14.044,00:03:14.511,-1,-1,"<1></c><3>同</c><2>じ未来へ</c><1></c>"
00:03:14.044,00:03:14.511,-1,-1,"<1></c><3>同</c><2>じ未来へ</c><1></c>"
00:03:14.511,00:03:14.878,-1,0,"<1></c><3>おな</c><2>じみらいへ</c><1></c>"
00:03:14.511,00:03:14.878,-1,0,"<1></c><3>おな</c><2>じみらいへ</c><1></c>"
00:03:14.511,00:03:14.878,-1,-1,"<1></c><3>同</c><2>じ未来へ</c><1></c>"
00:03:14.511,00:03:14.878,-1,-1,"<1></c><3>同</c><2>じ未来へ</c><1></c>"
00:03:14.878,00:03:15.345,-1,0,"<1></c><3>おなじ</c><2>みらいへ</c><1></c>"
00:03:14.878,00:03:15.345,-1,0,"<1></c><3>おなじ</c><2>みらいへ</c><1></c>"
00:03:14.878,00:03:15.345,-1,-1,"<1></c><3>同じ</c><2>未来へ</c><1></c>"
00:03:14.878,00:03:15.345,-1,-1,"<1></c><3>同じ</c><2>未来へ</c><1></c>"
00:03:15.345,00:03:15.779,-1,0,"<1></c><3>おなじみ</c><2>らいへ</c><1></c>"
00:03:15.345,00:03:15.779,-1,0,"<1></c><3>おなじみ</c><2>らいへ</c><1></c>"
00:03:15.345,00:03:15.779,-1,-1,"<1></c><3>同じ未</c><2>来へ</c><1></c>"
00:03:15.345,00:03:15.779,-1,-1,"<1></c><3>同じ未</c><2>来へ</c><1></c>"
00:03:15.779,00:03:16.413,-1,0,"<1></c><3>おなじみら</c><2>いへ</c><1></c>"
00:03:15.779,00:03:16.413,-1,0,"<1></c><3>おなじみら</c><2>いへ</c><1></c>"
00:03:15.779,00:03:16.413,-1,-1,"<1></c><3>同じ未来</c><2>へ</c><1></c>"
00:03:15.779,00:03:16.413,-1,-1,"<1></c><3>同じ未来</c><2>へ</c><1></c>"
00:03:16.413,00:03:16.647,-1,0,"<1></c><3>おなじみらい</c><2>へ</c><1></c>"
00:03:16.413,00:03:16.647,-1,0,"<1></c><3>おなじみらい</c><2>へ</c><1></c>"
00:03:16.413,00:03:16.647,-1,-1,"<1></c><3>同じ未来</c><2>へ</c><1></c>"
00:03:16.413,00:03:16.647,-1,-1,"<1></c><3>同じ未来</c><2>へ</c><1></c>"
00:03:16.647,00:03:19.283,-1,0,"<1></c><3>おなじみらいへ</c><1></c>"
00:03:16.647,00:03:19.283,-1,0,"<1></c><3>おなじみらいへ</c><1></c>"
00:03:16.647,00:03:19.283,-1,-1,"<1></c><3>同じ未来へ</c><1></c>"
00:03:16.647,00:03:19.283,-1,-1,"<1></c><3>同じ未来へ</c><1></c>"
